0.0	0.0	0.0	1.05611
0.03333	-0.0569028	0.0130704	1.04376
0.06666	-0.116173	0.0253975	1.03101
0.09999	-0.176626	0.0373529	1.01806
0.13332	-0.237079	0.0493083	1.00512
0.16665	-0.296349	0.0616354	0.99237
0.19998	-0.353251	0.0747058	0.980016
0.23331	-0.406604	0.0888912	0.968257
0.26664	-0.455223	0.104563	0.957287
0.29997	-0.497924	0.122093	0.947307
0.3333	-0.53582	0.141874	0.937702
0.36663	-0.570916	0.163719	0.927884
0.39996	-0.603372	0.187135	0.91808
0.43329	-0.633345	0.211627	0.908521
0.46662	-0.660994	0.2367	0.899435
0.49995	-0.686478	0.261861	0.891052
0.53328	-0.709956	0.286614	0.883601
0.56661	-0.731585	0.310465	0.877311
0.59994	-0.751525	0.332921	0.872411
0.63327	-0.769933	0.353485	0.869131
0.6666	-0.786969	0.371665	0.867699
0.69993	-0.802356	0.38767	0.868296
0.73326	-0.815806	0.402175	0.870762
0.76659	-0.827463	0.41538	0.87482
0.79992	-0.837468	0.427488	0.880195
0.83325	-0.845965	0.4387	0.886611
0.86658	-0.853095	0.449216	0.893789
0.89991	-0.859003	0.45924	0.901454
0.93324	-0.86383	0.468972	0.90933
0.96657	-0.867719	0.478613	0.917139
0.9999	-0.870812	0.488366	0.924605
1.03323	-0.873253	0.498431	0.931452
1.06656	-0.875184	0.50901	0.937403
1.09989	-0.875645	0.520417	0.9433
1.13322	-0.873868	0.532654	0.949998
1.16655	-0.870285	0.545446	0.95724
1.19988	-0.865327	0.558524	0.964768
1.23321	-0.859426	0.571616	0.972325
1.26654	-0.853014	0.584449	0.979654
1.29987	-0.846522	0.596753	0.986499
1.3332	-0.840381	0.608255	0.9926
1.36653	-0.835023	0.618685	0.997703
1.39986	-0.830879	0.62777	1.00155
1.43319	-0.828382	0.635238	1.00388
1.46652	-0.827961	0.640819	1.00444
1.49985	-0.83005	0.644241	1.00297
1.53318	-0.837003	0.647014	0.99903
1.56651	-0.850012	0.650548	0.992607
1.59984	-0.867765	0.654415	0.984104
1.63317	-0.888948	0.658193	0.97392
1.6665	-0.912249	0.661454	0.962456
1.69983	-0.936353	0.663772	0.950113
1.73316	-0.959949	0.664724	0.93729
1.76649	-0.981722	0.663882	0.924389
1.79982	-1.00036	0.660823	0.911809
1.83315	-1.01455	0.655119	0.899951
1.86648	-1.02298	0.646345	0.889215
1.89981	-1.02433	0.634077	0.880001
1.93314	-1.0173	0.617888	0.87271
1.96647	-1.00057	0.597353	0.867742
1.9998	-0.972817	0.572046	0.865498
2.03313	-0.885479	0.504987	0.875857
2.06646	-0.715577	0.384818	0.902863
2.09979	-0.500208	0.249548	0.938157
2.13312	-0.276464	0.137187	0.973384
2.16645	-0.0697381	0.0787126	1.00348
2.19978	0.158055	0.0537049	1.03947
2.23311	0.394223	0.0516054	1.0754
2.26644	0.614921	0.0670799	1.10196
2.29977	0.796306	0.0947941	1.10985
2.3331	0.946976	0.139921	1.0943
2.36643	1.08775	0.204087	1.06237
2.39976	1.21311	0.276637	1.02256
2.43309	1.31756	0.346919	0.983358
2.46642	1.39558	0.404279	0.953256
2.49975	1.44166	0.438062	0.940747
2.53308	1.46502	0.454317	0.942645
2.56641	1.4793	0.466488	0.949499
2.59974	1.48559	0.475014	0.960406
2.63307	1.48502	0.48033	0.974464
2.6664	1.47867	0.482875	0.990772
2.69973	1.46765	0.483086	1.00843
2.73306	1.45306	0.481401	1.02652
2.76639	1.43602	0.478257	1.04416
2.79972	1.41762	0.474091	1.06044
2.83305	1.39896	0.469341	1.07446
2.86638	1.38115	0.464445	1.08531
2.89971	1.3653	0.45984	1.0921
2.93304	1.3525	0.455963	1.09391
2.96637	1.34329	0.453121	1.08999
2.9997	1.33484	0.450734	1.08083
3.03303	1.32653	0.448514	1.06725
3.06636	1.31825	0.446278	1.04999
3.09969	1.30992	0.443844	1.02978
3.13302	1.30144	0.441029	1.00737
3.16635	1.29269	0.437648	0.983491
3.19968	1.2836	0.433521	0.958895
3.23301	1.27405	0.428463	0.934318
3.26634	1.26396	0.422291	0.9105
3.29967	1.25322	0.414824	0.888184
3.333	1.24173	0.405877	0.868109
3.36633	1.2294	0.395269	0.851017
3.39966	1.21613	0.382815	0.837648
3.43299	1.20182	0.368334	0.828743
3.46632	1.18608	0.351181	0.825189
3.49965	1.16737	0.328857	0.827933
3.53298	1.14599	0.301851	0.836145
3.56631	1.12255	0.271163	0.848775
3.59964	1.09767	0.237795	0.864772
3.63297	1.07197	0.202746	0.883085
3.6663	1.04606	0.167017	0.902664
3.69963	1.02055	0.131607	0.922457
3.73296	0.996078	0.0975174	0.941414
3.76629	0.973245	0.065748	0.958484
3.79962	0.952672	0.0372992	0.972617
3.83295	0.934974	0.0131716	0.982761
3.86628	0.92077	-0.00563511	0.987866
3.89961	0.910869	-0.0178724	0.986508
3.93294	0.906507	-0.0219286	0.976512
3.96627	0.907078	-0.0187933	0.959315
3.9996	0.911721	-0.00980146	0.936848
4.03293	0.919576	0.00371187	0.911047
4.06626	0.929781	0.0204119	0.883843
4.09959	0.941476	0.0389638	0.857169
4.13292	0.9538	0.0580323	0.83296
4.16625	0.965891	0.0762829	0.813147
4.19958	0.977692	0.0935493	0.79856
4.23291	0.992992	0.115334	0.784138
4.26624	1.01131	0.141015	0.769776
4.29957	1.03134	0.168786	0.756432
4.3329	1.05177	0.196836	0.745065
4.36623	1.07131	0.223357	0.736633
4.39956	1.08864	0.246541	0.732094
4.43289	1.10247	0.264577	0.732407
4.46622	1.11148	0.275658	0.73853
4.49955	1.11474	0.278461	0.75128
4.53288	1.11382	0.275101	0.77006
4.56621	1.1096	0.266844	0.793889
4.59954	1.10269	0.25458	0.821848
4.63287	1.09368	0.239199	0.85302
4.6662	1.08317	0.221592	0.886486
4.69953	1.07176	0.202649	0.921329
4.73286	1.06006	0.18326	0.956631
4.76619	1.04865	0.164317	0.991474
4.79952	1.03814	0.14671	1.02494
4.83285	1.02913	0.131329	1.05611
