0.0	0.0	0.0	0.0
0.03333	-0.192833	0.081138	0.0
0.06666	-0.638177	0.266335	0.0
0.09999	-0.903738	0.306823	0.0
0.13332	-1.09742	0.2878	0.0
0.16665	-1.26618	0.247178	0.0
0.19998	-1.41588	0.193348	0.0
0.23331	-1.55238	0.134702	0.0
0.26664	-1.68152	0.0796304	0.0
0.29997	-1.78104	0.0140616	0.0
0.3333	-1.84525	-0.0642923	0.0
0.36663	-1.9048	-0.129364	0.0
0.39996	-1.98434	-0.157579	0.0
0.43329	-2.06967	-0.153155	0.0
0.46662	-2.16297	-0.131699	0.0
0.49995	-2.27148	-0.108029	0.0
0.53328	-2.40639	-0.0826367	0.0
0.56661	-2.55936	-0.0511494	0.0
0.59994	-2.70838	-0.021095	0.0
0.63327	-2.83145	-3.05176e-007	0.0
0.6666	-2.92769	0.0100305	0.0
0.69993	-3.00994	0.0136562	0.0
0.73326	-3.07676	0.013493	0.0
0.76659	-3.12671	0.0121577	0.0
0.79992	-3.1598	0.0117294	0.0
0.83325	-3.18423	0.0107304	0.0
0.86658	-3.20199	0.00901474	0.0
0.89991	-3.21367	0.00687698	0.0
0.93324	-3.21988	0.00461197	0.0
0.96657	-3.2212	0.00251419	0.0
0.9999	-3.21823	0.000878601	0.0
1.03323	-3.21158	-3.05176e-007	0.0
1.06656	-3.20258	-6.72913e-005	0.0
1.09989	-3.19225	0.000476074	0.0
1.13322	-3.18071	0.001539	0.0
1.16655	-3.1681	0.00303116	0.0
1.19988	-3.15453	0.00486191	0.0
1.23321	-3.14014	0.00694046	0.0
1.26654	-3.12504	0.00917648	0.0
1.29987	-3.10938	0.0114792	0.0
1.3332	-3.09326	0.0137581	0.0
1.36653	-3.07682	0.0159225	0.0
1.39986	-3.06018	0.0178821	0.0
1.43319	-3.04347	0.0195461	0.0
1.46652	-3.02682	0.0208238	0.0
1.49985	-3.01035	0.0216249	0.0
1.53318	-2.99418	0.0218587	0.0
1.56651	-2.97845	0.0214343	0.0
1.59984	-2.96327	0.0202617	0.0
1.63317	-2.94878	0.0182498	0.0
1.6665	-2.9351	0.0153084	0.0
1.69983	-2.92235	0.0113464	0.0
1.73316	-2.91067	0.00627396	0.0
1.76649	-2.90017	-3.05176e-007	0.0
1.79982	-2.89103	-0.0097023	0.0
1.83315	-2.88325	-0.0243832	0.0
1.86648	-2.87671	-0.0431216	0.0
1.89981	-2.87129	-0.064995	0.0
1.93314	-2.86686	-0.089082	0.0
1.96647	-2.86332	-0.11446	0.0
1.9998	-2.86053	-0.140208	0.0
2.03313	-2.85838	-0.165403	0.0
2.06646	-2.85675	-0.189124	0.0
2.09979	-2.85552	-0.210449	0.0
2.13312	-2.85456	-0.228455	0.0
2.16645	-2.85376	-0.24222	0.0
2.19978	-2.85299	-0.250824	0.0
2.23311	-2.85214	-0.253343	0.0
2.26644	-2.8514	-0.248723	0.0
2.29977	-2.85238	-0.236032	0.0
2.3331	-2.85499	-0.216253	0.0
2.36643	-2.85882	-0.190591	0.0
2.39976	-2.86343	-0.16025	0.0
2.43309	-2.8684	-0.126436	0.0
2.46642	-2.87332	-0.0903531	0.0
2.49975	-2.87776	-0.0532063	0.0
2.53308	-2.8813	-0.0162003	0.0
2.56641	-2.88353	0.0194606	0.0
2.59974	-2.88401	0.0525706	0.0
2.63307	-2.88233	0.0819255	0.0
2.6664	-2.87806	0.106321	0.0
2.69973	-2.87079	0.124551	0.0
2.73306	-2.8593	0.13754	0.0
2.76639	-2.84323	0.147232	0.0
2.79972	-2.82347	0.153949	0.0
2.83305	-2.8009	0.158017	0.0
2.86638	-2.7764	0.159758	0.0
2.89971	-2.75084	0.159498	0.0
2.93304	-2.72512	0.157558	0.0
2.96637	-2.7001	0.154265	0.0
2.9997	-2.67667	0.149941	0.0
3.03303	-2.6557	0.14491	0.0
3.06636	-2.63809	0.139496	0.0
3.09969	-2.6247	0.134024	0.0
3.13302	-2.61589	0.128594	0.0
3.16635	-2.60889	0.122123	0.0
3.19968	-2.60311	0.11453	0.0
3.23301	-2.59843	0.105949	0.0
3.26634	-2.59475	0.0965144	0.0
3.29967	-2.59197	0.0863602	0.0
3.333	-2.58996	0.0756207	0.0
3.36633	-2.58862	0.0644296	0.0
3.39966	-2.58785	0.0529213	0.0
3.43299	-2.58754	0.0412299	0.0
3.46632	-2.58757	0.0294891	0.0
3.49965	-2.58785	0.0178334	0.0
3.53298	-2.58825	0.00639694	0.0
3.56631	-2.58868	-0.00468674	0.0
3.59964	-2.58902	-0.0152831	0.0
3.63297	-2.58917	-0.0252579	0.0
3.6663	-2.58902	-0.0344774	0.0
3.69963	-2.58846	-0.0428075	0.0
3.73296	-2.58738	-0.0501138	0.0
3.76629	-2.58567	-0.0562625	0.0
3.79962	-2.58323	-0.0611195	0.0
3.83295	-2.57995	-0.0645505	0.0
3.86628	-2.57571	-0.0664215	0.0
3.89961	-2.57042	-0.0665985	0.0
3.93294	-2.56386	-0.0648466	0.0
3.96627	-2.55536	-0.0602394	0.0
3.9996	-2.54482	-0.0520605	0.0
4.03293	-2.53224	-0.0396744	0.0
4.06626	-2.51761	-0.0224449	0.0
4.09959	-2.50093	0.00026413	0.0
4.13292	-2.48218	0.0290884	0.0
4.16625	-2.46137	0.0646645	0.0
4.19958	-2.43849	0.107628	0.0
4.23291	-2.41354	0.158615	0.0
4.26624	-2.38653	0.218136	0.0
4.29957	-2.35767	0.285444	0.0
4.3329	-2.32716	0.359453	0.0
4.36623	-2.29522	0.43913	0.0
4.39956	-2.26202	0.523444	0.0
4.43289	-2.22778	0.611364	0.0
4.46622	-2.19269	0.701857	0.0
4.49955	-2.15695	0.793893	0.0
4.53288	-2.12075	0.886439	0.0
4.56621	-2.08429	0.978466	0.0
4.59954	-2.04778	1.06894	0.0
4.63287	-2.0114	1.15683	0.0
4.6662	-1.97536	1.2411	0.0
4.69953	-1.93986	1.32073	0.0
4.73286	-1.90509	1.39468	0.0
4.76619	-1.86855	1.45776	0.0
4.79952	-1.82933	1.50759	0.0
4.83285	-1.78995	1.54735	0.0
4.86618	-1.75296	1.58022	0.0
4.89951	-1.7209	1.60939	0.0
4.93284	-1.69632	1.63803	0.0
4.96617	-1.67883	1.66636	0.0
4.9995	-1.66579	1.69241	0.0
5.03283	-1.65634	1.71613	0.0
5.06616	-1.64962	1.73744	0.0
5.09949	-1.64476	1.75628	0.0
5.13282	-1.64091	1.77258	0.0
5.16615	-1.63722	1.78626	0.0
5.19948	-1.6333	1.79679	0.0
5.23281	-1.63128	1.80187	0.0
5.26614	-1.63102	1.80252	0.0
5.29947	-1.6319	1.8003	0.0
5.3328	-1.6333	1.79679	0.0
5.36613	-1.63459	1.79353	0.0
5.39946	-1.63516	1.7921	0.0
5.43279	-1.63516	1.7921	0.0
5.46612	-1.63516	1.7921	0.0
5.49945	-1.63516	1.7921	0.0
5.53278	-1.63516	1.7921	0.0
5.56611	-1.63516	1.7921	0.0
5.59944	-1.63516	1.7921	0.0
5.63277	-1.63516	1.7921	0.0
5.6661	-1.63516	1.7921	0.0
