0	0	0	0
0.03333	0.00415443	0.0279073	0
0.06666	0.0209959	0.0551785	0
0.09999	0.0386759	0.0885565	0
0.13332	0.0591583	0.114163	0
0.16665	0.07394	0.141574	0
0.19998	0.0941028	0.171042	0
0.23331	0.131661	0.198248	0
0.26664	0.179209	0.223843	0
0.29997	0.225442	0.252517	0
0.3333	0.286638	0.277488	0
0.36663	0.362614	0.307761	0
0.39996	0.447631	0.335381	0
0.43329	0.555805	0.372573	0
0.46662	0.674418	0.406608	0
0.49995	0.818465	0.432197	0
0.53328	0.980196	0.449313	0
0.56661	1.15525	0.4564	0
0.59994	1.35086	0.451953	0
0.63327	1.56758	0.429278	0
0.6666	1.80871	0.410324	0
0.69993	2.06875	0.383243	0
0.73326	2.33653	0.335799	0
0.76659	2.61465	0.268155	0
0.79992	2.89315	0.194055	0
0.83325	3.18905	0.105282	0
0.86658	3.51596	-3.75E-05	0
0.89991	3.86709	-0.123934	0
0.93324	4.22466	-0.26452	0
0.96657	4.56233	-0.423368	0
0.9999	4.85207	-0.599647	0
1.03323	5.08077	-0.797439	0
1.06656	5.27619	-1.01058	0
1.09989	5.45501	-1.22805	0
1.13322	5.62696	-1.46288	0
1.16655	5.7788	-1.69668	0
1.19988	5.91622	-1.93173	0
1.23321	6.05139	-2.18266	0
1.26654	6.16152	-2.4447	0
1.29987	6.25895	-2.70622	0
1.3332	6.34002	-2.96465	0
1.36653	6.39768	-3.23263	0
1.39986	6.44312	-3.50328	0
1.43319	6.46153	-3.78975	0
1.46652	6.46903	-4.08558	0
1.49985	6.44954	-4.39784	0
1.53318	6.41956	-4.71802	0
1.56651	6.35704	-5.04204	0
1.59984	6.27497	-5.35408	0
1.63317	6.1712	-5.6677	0
1.6665	6.04906	-5.97875	0
1.69983	5.89688	-6.27141	0
1.73316	5.7214	-6.54057	0
1.76649	5.51996	-6.81288	0
1.79982	5.28193	-7.07645	0
1.83315	5.00659	-7.34861	0
1.86648	4.70565	-7.61328	0
1.89981	4.39653	-7.86401	0
1.93314	4.06527	-8.09724	0
1.96647	3.73184	-8.31083	0
1.9998	3.37646	-8.48884	0
2.03313	3.02394	-8.6392	0
2.06646	2.6786	-8.74866	0
2.09979	2.33184	-8.82518	0
2.13312	1.9715	-8.88745	0
2.16645	1.60787	-8.93269	0
2.19978	1.23612	-8.9506	0
2.23311	0.855036	-8.96418	0
2.26644	0.475256	-8.957	0
2.29977	0.0880607	-8.92957	0
2.3331	-0.29723	-8.87659	0
2.36643	-0.685476	-8.80633	0
2.39976	-1.07498	-8.71742	0
2.43309	-1.44908	-8.60989	0
2.46642	-1.82839	-8.48042	0
2.49975	-2.21716	-8.32834	0
2.53308	-2.61803	-8.14781	0
2.56641	-3.02424	-7.93774	0
2.59974	-3.43295	-7.7161	0
2.63307	-3.84565	-7.46464	0
2.6664	-4.2499	-7.18519	0
2.69973	-4.64257	-6.88953	0
2.73306	-5.01938	-6.577	0
2.76639	-5.36316	-6.24482	0
2.79972	-5.69269	-5.89905	0
2.83305	-5.98642	-5.54125	0
2.86638	-6.25985	-5.15841	0
2.89971	-6.51436	-4.73826	0
2.93304	-6.74814	-4.28285	0
2.96637	-6.96445	-3.81261	0
2.9997	-7.16833	-3.33001	0
3.03303	-7.34398	-2.83273	0
3.06636	-7.48866	-2.32402	0
3.09969	-7.6027	-1.81843	0
3.13302	-7.68706	-1.31957	0
3.16635	-7.73111	-0.824415	0
3.19968	-7.73985	-0.341381	0
3.23301	-7.7245	0.150904	0
3.26634	-7.68005	0.659841	0
3.29967	-7.61979	1.16967	0
3.333	-7.52391	1.69236	0
3.36633	-7.40377	2.2095	0
3.39966	-7.26714	2.71473	0
3.43299	-7.08627	3.20873	0
3.46632	-6.89045	3.68808	0
3.49965	-6.67565	4.13458	0
3.53298	-6.42839	4.54788	0
3.56631	-6.14377	4.94366	0
3.59964	-5.83683	5.31022	0
3.63297	-5.47961	5.6622	0
3.6663	-5.0917	5.99996	0
3.69963	-4.67422	6.32169	0
3.73296	-4.2281	6.63281	0
3.76629	-3.77823	6.92218	0
3.79962	-3.30298	7.19196	0
3.83295	-2.82336	7.44512	0
3.86628	-2.34653	7.67387	0
3.89961	-1.87499	7.88021	0
3.93294	-1.40496	8.0564	0
3.96627	-0.954585	8.21514	0
3.9996	-0.534792	8.32797	0
4.03293	-0.100271	8.39776	0
4.06626	0.356241	8.42252	0
4.09959	0.803212	8.41538	0
4.13292	1.25784	8.36466	0
4.16625	1.69589	8.28642	0
4.19958	2.11564	8.18284	0
4.23291	2.51905	8.06092	0
4.26624	2.89679	7.93063	0
4.29957	3.23213	7.78647	0
4.3329	3.53098	7.64025	0
4.36623	3.8147	7.46876	0
4.39956	4.07151	7.26672	0
4.43289	4.30938	7.03402	0
4.46622	4.5285	6.79787	0
4.49955	4.73425	6.55139	0
4.53288	4.91399	6.3017	0
4.56621	5.0777	6.04534	0
4.59954	5.21782	5.80161	0
4.63287	5.34037	5.5683	0
4.6662	5.43073	5.34839	0
4.69953	5.5034	5.14922	0
4.73286	5.56776	4.9575	0
4.76619	5.62177	4.77112	0
4.79952	5.66563	4.58463	0
4.83285	5.7081	4.39845	0
4.86618	5.73951	4.21697	0
4.89951	5.75491	4.03451	0
4.93284	5.77038	3.85532	0
4.96617	5.77671	3.67825	0
4.9995	5.7697	3.50731	0
5.03283	5.75805	3.33252	0
5.06616	5.74198	3.16448	0
5.09949	5.70969	3.00174	0
5.13282	5.67446	2.83494	0
5.16615	5.63613	2.66506	0
5.19948	5.59221	2.50193	0
5.23281	5.5342	2.33967	0
5.26614	5.46845	2.18241	0
5.29947	5.39453	2.017	0
5.3328	5.29499	1.85311	0
5.36613	5.17846	1.68131	0
5.39946	5.04692	1.51505	0
5.43279	4.89871	1.34921	0
5.46612	4.74517	1.18592	0
5.49945	4.58235	1.02444	0
5.53278	4.41516	0.872997	0
5.56611	4.24908	0.723724	0
5.59944	4.07385	0.581066	0
5.63277	3.90704	0.452509	0
5.6661	3.75313	0.336064	0
5.69943	3.60988	0.231067	0
5.73276	3.46728	0.143437	0
5.76609	3.34257	0.0724191	0
5.79942	3.2304	0.00761688	0
5.83275	3.11539	-0.0451813	0
5.86608	3.00919	-0.0891951	0
5.89941	2.8952	-0.140728	0
5.93274	2.77777	-0.184987	0
5.96607	2.66673	-0.227339	0
5.9994	2.56252	-0.256722	0
6.03273	2.44921	-0.290493	0
6.06606	2.35094	-0.31249	0
6.09939	2.24429	-0.336616	0
6.13272	2.14495	-0.35685	0
6.16605	2.03687	-0.375794	0
6.19938	1.93096	-0.387755	0
6.23271	1.83545	-0.399421	0
6.26604	1.73926	-0.417542	0
6.29937	1.64174	-0.419519	0
6.3327	1.54315	-0.429801	0
6.36603	1.44533	-0.435743	0
6.39936	1.35786	-0.439607	0
6.43269	1.26312	-0.444884	0
6.46602	1.17501	-0.449636	0
6.49935	1.0861	-0.446144	0
6.53268	0.994634	-0.441574	0
6.56601	0.914789	-0.441945	0
6.59934	0.830231	-0.453531	0
6.63267	0.744599	-0.449376	0
6.666	0.67101	-0.451411	0
6.69933	0.607563	-0.44935	0
6.73266	0.536007	-0.438054	0
6.76599	0.465265	-0.423245	0
6.79932	0.407258	-0.407141	0
6.83265	0.359434	-0.381111	0
6.86598	0.310011	-0.352423	0
6.89931	0.262486	-0.324665	0
6.93264	0.231723	-0.285425	0
6.96597	0.19066	-0.24802	0
6.9993	0.153345	-0.214607	0
7.03263	0.119331	-0.181049	0
7.06596	0.0838725	-0.133059	0
7.09929	0.0567469	-0.0867582	0
7.13262	0.0281774	-0.037309	0
7.16595	0	0	0
