0.0	0.0	0.0	0.9
0.03333	-0.00601006	-0.00142738	0.895729
0.06666	-0.000462036	-0.00343681	0.895881
0.09999	0.00366676	0.000768585	0.887685
0.13332	0.00721115	-0.00263496	0.884104
0.16665	0.000539322	-0.00401901	0.886938
0.19998	-0.00639595	-0.00307472	0.891693
0.23331	-0.0027092	-0.00406944	0.883726
0.26664	0.00306488	-0.00629616	0.878802
0.29997	-0.00150711	-0.0050116	0.871726
0.3333	-0.00127602	-0.00694389	0.877431
0.36663	0.00175735	-0.00402687	0.878703
0.39996	-0.00301056	-0.00872292	0.876826
0.43329	-0.00227791	-0.00617134	0.877509
0.46662	-0.00884544	-0.00532135	0.877618
0.49995	-0.00780075	-0.00768059	0.875037
0.53328	-0.00697441	-0.00949478	0.876068
0.56661	-0.0108092	-0.00853722	0.880127
0.59994	-0.0132547	-0.004254	0.87776
0.63327	-0.0188189	-0.010559	0.877426
0.6666	-0.0213895	-0.00513496	0.883311
0.69993	-0.0223727	0.0021888	0.889459
0.73326	-0.0288454	0.00119255	0.889384
0.76659	-0.0341267	-0.00594254	0.894584
0.79992	-0.0440854	-0.00345467	0.899961
0.83325	-0.0445853	0.00193665	0.90649
0.86658	-0.0523248	0.00621201	0.916119
0.89991	-0.060178	0.00795631	0.92769
0.93324	-0.0645251	0.0103112	0.933462
0.96657	-0.0702896	0.0129618	0.941673
0.9999	-0.0840781	0.0179921	0.96332
1.03323	-0.097606	0.0225758	0.984435
1.06656	-0.102249	0.0270181	0.997387
1.09989	-0.11398	0.0353101	1.00591
1.13322	-0.121935	0.0339066	1.01759
1.16655	-0.138222	0.0406614	1.04103
1.19988	-0.156031	0.0527933	1.05565
1.23321	-0.16206	0.0551477	1.0664
1.26654	-0.177962	0.0519841	1.09017
1.29987	-0.19027	0.0544103	1.10247
1.3332	-0.201518	0.064481	1.1127
1.36653	-0.217623	0.0690392	1.12263
1.39986	-0.226734	0.0745696	1.13466
1.43319	-0.244663	0.0755196	1.14638
1.46652	-0.255937	0.0832684	1.15544
1.49985	-0.275725	0.0864442	1.16539
1.53318	-0.286621	0.0892608	1.17335
1.56651	-0.309725	0.0914951	1.18376
1.59984	-0.331139	0.104668	1.18853
1.63317	-0.352104	0.110912	1.19708
1.6665	-0.368347	0.110081	1.19903
1.69983	-0.390622	0.113688	1.20153
1.73316	-0.411275	0.122555	1.19588
1.76649	-0.426234	0.122084	1.19763
1.79982	-0.441481	0.136751	1.18352
1.83315	-0.463198	0.143295	1.17232
1.86648	-0.48556	0.151546	1.16201
1.89981	-0.497076	0.16167	1.13645
1.93314	-0.517606	0.170981	1.10767
1.96647	-0.533081	0.175353	1.09012
1.9998	-0.569202	0.184453	1.07884
2.03313	-0.607062	0.184104	1.07482
2.06646	-0.648248	0.181279	1.06695
2.09979	-0.743838	0.154679	1.09777
2.13312	-0.891256	0.100427	1.16241
2.16645	-1.00033	0.057243	1.20967
2.19978	-1.06395	0.0405087	1.21831
2.23311	-1.12542	0.00935097	1.21138
2.26644	-1.17536	-0.0181586	1.20618
2.29977	-1.2237	-0.0409515	1.19673
2.3331	-1.26236	-0.0520788	1.18195
2.36643	-1.29741	-0.0582237	1.16742
2.39976	-1.32839	-0.0563783	1.15879
2.43309	-1.34125	-0.0463987	1.15208
2.46642	-1.35956	-0.0272688	1.1411
2.49975	-1.37781	-0.00400513	1.13417
2.53308	-1.39144	0.0246857	1.12462
2.56641	-1.39919	0.0594121	1.11626
2.59974	-1.40379	0.0817329	1.10514
2.63307	-1.41222	0.10943	1.10147
2.6664	-1.41759	0.140197	1.08878
2.69973	-1.4223	0.161793	1.07992
2.73306	-1.42759	0.174392	1.08013
2.76639	-1.4218	0.180313	1.07478
2.79972	-1.42811	0.175274	1.06788
2.83305	-1.42928	0.161447	1.07217
2.86638	-1.43239	0.141966	1.07438
2.89971	-1.42886	0.121912	1.07299
2.93304	-1.41998	0.105744	1.08067
2.96637	-1.41211	0.0795213	1.08576
2.9997	-1.41341	0.0472598	1.08274
3.03303	-1.41116	0.0177645	1.08317
3.06636	-1.40574	-0.00571152	1.09281
3.09969	-1.40058	-0.0312519	1.08887
3.13302	-1.39975	-0.0559509	1.10133
3.16635	-1.39573	-0.070314	1.10136
3.19968	-1.39452	-0.0811523	1.10723
3.23301	-1.3971	-0.0900331	1.10835
3.26634	-1.39658	-0.0895899	1.10611
3.29967	-1.40613	-0.0917934	1.10716
3.333	-1.40611	-0.0799742	1.11445
3.36633	-1.40812	-0.0678599	1.11547
3.39966	-1.42014	-0.0571012	1.11611
3.43299	-1.41463	-0.042321	1.12595
3.46632	-1.42111	-0.0222594	1.12345
3.49965	-1.43574	-0.0104048	1.12681
3.53298	-1.44526	-0.00241684	1.12851
3.56631	-1.44499	0.0220806	1.13345
3.59964	-1.45844	0.0406766	1.13489
3.63297	-1.46204	0.0548234	1.14207
3.6663	-1.46957	0.0658791	1.13857
3.69963	-1.47633	0.0730185	1.13204
3.73296	-1.4774	0.0826372	1.141
3.76629	-1.49216	0.0846725	1.14707
3.79962	-1.49468	0.0830374	1.14704
3.83295	-1.50013	0.082764	1.14885
3.86628	-1.50955	0.0780708	1.15339
3.89961	-1.51926	0.0729931	1.15223
3.93294	-1.51937	0.0617815	1.15417
3.96627	-1.52184	0.0591798	1.15652
3.9996	-1.53702	0.0416608	1.15756
4.03293	-1.54645	0.0289996	1.1621
4.06626	-1.5416	0.0174866	1.16103
4.09959	-1.54716	0.015284	1.16156
4.13292	-1.53909	0.00574348	1.1608
4.16625	-1.53476	2.28882e-007	1.16418
4.19958	-1.52134	-0.00472397	1.16195
4.23291	-1.487	-0.00710197	1.1682
4.26624	-1.44132	-0.00321533	1.16908
4.29957	-1.40125	-0.00462204	1.17141
4.3329	-1.36465	-0.00118652	1.16916
4.36623	-1.33379	0.00411438	1.16408
4.39956	-1.32749	0.00448875	1.16099
4.43289	-1.32684	-0.00495834	1.15494
4.46622	-1.32862	-0.00233597	1.15759
4.49955	-1.32653	2.28882e-007	1.1426
4.53288	-1.33231	0.00370216	1.13096
4.56621	-1.33505	-0.000195847	1.12676
4.59954	-1.3414	0.00216179	1.12082
4.63287	-1.34443	0.00305946	1.11178
4.6662	-1.35783	2.28882e-007	1.10336
4.69953	-1.36793	-0.00214073	1.09072
4.73286	-1.37501	-0.00207489	1.08385
4.76619	-1.38254	0.000919495	1.07875
4.79952	-1.39004	0.00145531	1.07278
4.83285	-1.38848	2.28882e-007	1.05836
4.86618	-1.38825	0.0010025	1.04291
4.89951	-1.39535	-0.00115837	1.0357
4.93284	-1.39386	-0.00217667	1.02717
4.96617	-1.39317	-0.00314629	1.0229
4.9995	-1.39764	2.28882e-007	1.00915
5.03283	-1.39876	-0.00265923	0.992906
5.06616	-1.39647	-0.000460968	0.984044
5.09949	-1.40273	0.0051902	0.979679
5.13282	-1.40444	0.00499786	0.969852
5.16615	-1.40193	2.28882e-007	0.955649
5.19948	-1.39786	8.76617e-005	0.948053
5.23281	-1.4009	-0.000579758	0.934267
5.26614	-1.40488	0.0022049	0.921433
5.29947	-1.40214	-0.00153198	0.903435
5.3328	-1.40377	2.28882e-007	0.9
