0.0	0.0	0.0	7.0842
0.03333	0.000977211	-0.0151512	7.12265
0.06666	-0.000289841	-0.0309868	7.16235
0.09999	-0.00338032	-0.0473785	7.20306
0.13332	-0.00787346	-0.064198	7.24455
0.16665	-0.0133485	-0.081317	7.28658
0.19998	-0.0193845	-0.0986071	7.32893
0.23331	-0.0255608	-0.11594	7.37136
0.26664	-0.0314566	-0.133187	7.41363
0.29997	-0.0366511	-0.150221	7.45551
0.3333	-0.0407234	-0.166912	7.49676
0.36663	-0.0432529	-0.183132	7.53716
0.39996	-0.0438185	-0.198754	7.57647
0.43329	-0.0419998	-0.213649	7.61445
0.46662	-0.0373757	-0.227688	7.65088
0.49995	-0.0295255	-0.240743	7.68551
0.53328	-0.0180284	-0.252685	7.71812
0.56661	-0.00246361	-0.263388	7.74846
0.59994	0.0175896	-0.272721	7.77631
0.63327	0.0425522	-0.280557	7.80144
0.6666	0.0772032	-0.285974	7.82338
0.69993	0.125027	-0.288208	7.84141
0.73326	0.1845	-0.287364	7.85493
0.76659	0.254102	-0.283551	7.86331
0.79992	0.33231	-0.276874	7.86593
0.83325	0.417602	-0.267442	7.86217
0.86658	0.508455	-0.255362	7.85142
0.89991	0.603348	-0.240739	7.83306
0.93324	0.700759	-0.223682	7.80647
0.96657	0.799166	-0.204298	7.77102
0.9999	0.935154	-0.158468	7.68746
1.03323	1.12166	-0.0840005	7.52159
1.06656	1.32171	-0.0138917	7.28048
1.09989	1.59343	0.0479784	6.76188
1.13322	1.77159	0.0803579	6.38906
1.16655	1.77432	0.0775899	6.41447
1.19988	1.76858	0.0734656	6.45862
1.23321	1.75552	0.0681057	6.51889
1.26654	1.73628	0.0616306	6.59262
1.29987	1.71202	0.0541607	6.67719
1.3332	1.6839	0.0458167	6.76995
1.36653	1.65306	0.0367189	6.86826
1.39986	1.62065	0.026988	6.96949
1.43319	1.58783	0.0167442	7.071
1.46652	1.55575	0.00610817	7.17014
1.49985	1.52557	-0.00479969	7.26428
1.53318	1.49842	-0.0158588	7.35078
1.56651	1.47548	-0.0269486	7.42701
1.59984	1.45787	-0.0379488	7.49031
1.63317	1.44677	-0.0487389	7.53806
1.6665	1.44321	-0.0608108	7.56727
1.69983	1.44661	-0.0752672	7.57878
1.73316	1.45567	-0.0914035	7.57576
1.76649	1.46911	-0.108515	7.56134
1.79982	1.48563	-0.125897	7.53867
1.83315	1.50396	-0.142844	7.5109
1.86648	1.52279	-0.158653	7.48115
1.89981	1.54084	-0.172619	7.4526
1.93314	1.55682	-0.184036	7.42836
1.96647	1.56944	-0.1922	7.41159
1.9998	1.57742	-0.196406	7.40544
2.03313	1.58261	-0.198299	7.40582
2.06646	1.58775	-0.199995	7.40655
2.09979	1.59284	-0.2015	7.40761
2.13312	1.59788	-0.202821	7.409
2.16645	1.60287	-0.203963	7.41069
2.19978	1.60781	-0.204933	7.41267
2.23311	1.61269	-0.205736	7.41493
2.26644	1.61752	-0.206378	7.41744
2.29977	1.62229	-0.206866	7.42019
2.3331	1.627	-0.207205	7.42317
2.36643	1.63166	-0.207402	7.42636
2.39976	1.63627	-0.207461	7.42975
2.43309	1.64081	-0.20739	7.43332
2.46642	1.6453	-0.207195	7.43705
2.49975	1.64973	-0.20688	7.44093
2.53308	1.65409	-0.206453	7.44494
2.56641	1.6584	-0.205919	7.44907
2.59974	1.66264	-0.205285	7.4533
2.63307	1.66682	-0.204555	7.45762
2.6664	1.67094	-0.203737	7.46201
2.69973	1.675	-0.202836	7.46645
2.73306	1.67899	-0.201858	7.47094
2.76639	1.68292	-0.20081	7.47544
2.79972	1.68678	-0.199697	7.47996
2.83305	1.69057	-0.198524	7.48447
2.86638	1.6943	-0.197299	7.48896
2.89971	1.69796	-0.196027	7.4934
2.93304	1.70155	-0.194714	7.4978
2.96637	1.70507	-0.193367	7.50212
2.9997	1.70852	-0.19199	7.50636
3.03303	1.7119	-0.190591	7.5105
3.06636	1.71521	-0.189174	7.51452
3.09969	1.71844	-0.187747	7.51841
3.13302	1.72161	-0.186315	7.52216
3.16635	1.7247	-0.184883	7.52574
3.19968	1.72771	-0.183459	7.52914
3.23301	1.73065	-0.182048	7.53235
3.26634	1.73352	-0.180656	7.53534
3.29967	1.7363	-0.179289	7.53812
3.333	1.73901	-0.177952	7.54065
3.36633	1.74165	-0.176653	7.54292
3.39966	1.7442	-0.175397	7.54493
3.43299	1.74667	-0.17419	7.54664
3.46632	1.74907	-0.173037	7.54805
3.49965	1.75138	-0.171946	7.54914
3.53298	1.75361	-0.170921	7.5499
3.56631	1.75576	-0.169969	7.55031
3.59964	1.75783	-0.169097	7.55035
3.63297	1.75981	-0.168309	7.55002
3.6663	1.76166	-0.16755	7.54923
3.69963	1.76335	-0.166761	7.54795
3.73296	1.76488	-0.165945	7.5462
3.76629	1.76625	-0.165102	7.544
3.79962	1.76747	-0.164233	7.54138
3.83295	1.76855	-0.163341	7.53837
3.86628	1.76949	-0.162427	7.53497
3.89961	1.7703	-0.161493	7.53122
3.93294	1.77099	-0.16054	7.52714
3.96627	1.77155	-0.159569	7.52276
3.9996	1.77199	-0.158583	7.51808
4.03293	1.77233	-0.157582	7.51315
4.06626	1.77256	-0.156568	7.50798
4.09959	1.7727	-0.155543	7.5026
4.13292	1.77274	-0.154508	7.49702
4.16625	1.7727	-0.153465	7.49127
4.19958	1.77258	-0.152415	7.48538
4.23291	1.77238	-0.15136	7.47937
4.26624	1.77212	-0.150302	7.47326
4.29957	1.77179	-0.149241	7.46707
4.3329	1.7714	-0.14818	7.46082
4.36623	1.77096	-0.147119	7.45455
4.39956	1.77048	-0.146062	7.44827
4.43289	1.76995	-0.145008	7.44201
4.46622	1.76939	-0.14396	7.43579
4.49955	1.7688	-0.142918	7.42963
4.53288	1.76819	-0.141886	7.42355
4.56621	1.76756	-0.140864	7.41759
4.59954	1.76692	-0.139853	7.41176
4.63287	1.76628	-0.138855	7.40608
4.6662	1.76563	-0.137873	7.40058
4.69953	1.76499	-0.136906	7.39528
4.73286	1.76436	-0.135957	7.3902
4.76619	1.76375	-0.135028	7.38538
4.79952	1.76316	-0.13412	7.38082
4.83285	1.7626	-0.133234	7.37656
4.86618	1.76208	-0.132371	7.37261
4.89951	1.76159	-0.131535	7.36901
4.93284	1.76115	-0.130725	7.36577
4.96617	1.76077	-0.129944	7.36291
4.9995	1.76044	-0.129193	7.36047
5.03283	1.76017	-0.128473	7.35845
5.06616	1.75997	-0.127787	7.3569
5.09949	1.75985	-0.127135	7.35582
5.13282	1.75981	-0.126519	7.35524
5.16615	1.75993	-0.125543	7.35617
5.19948	1.76026	-0.123876	7.35945
5.23281	1.76078	-0.121618	7.36483
5.26614	1.76145	-0.11887	7.37208
5.29947	1.76226	-0.115733	7.38094
5.3328	1.76316	-0.112309	7.39118
5.36613	1.76412	-0.108696	7.40257
5.39946	1.76513	-0.104998	7.41485
5.43279	1.76615	-0.101313	7.42779
5.46612	1.76715	-0.0977433	7.44115
5.49945	1.7681	-0.0943893	7.45468
5.53278	1.76897	-0.0913518	7.46815
5.56611	1.76973	-0.0887315	7.48131
5.59944	1.77036	-0.0866294	7.49393
5.63277	1.77082	-0.0851461	7.50576
5.6661	1.77108	-0.0843824	7.51656
5.69943	1.77112	-0.084439	7.52609
5.73276	1.77091	-0.0854169	7.53411
5.76609	1.77041	-0.0874166	7.54038
5.79942	1.7696	-0.0905391	7.54466
5.83275	1.76844	-0.0948851	7.54671
5.86608	1.76691	-0.100555	7.54629
5.89941	1.76499	-0.107651	7.54315
5.93274	1.76263	-0.116272	7.53705
5.96607	1.75981	-0.126519	7.52776
5.9994	1.75547	-0.139603	7.51446
6.03273	1.74878	-0.156398	7.49677
6.06606	1.74005	-0.176504	7.47509
6.09939	1.72959	-0.199523	7.44983
6.13272	1.7177	-0.225055	7.42139
6.16605	1.70469	-0.252701	7.39018
6.19938	1.69089	-0.282061	7.35661
6.23271	1.67658	-0.312736	7.32108
6.26604	1.66209	-0.344326	7.28399
6.29937	1.64773	-0.376433	7.24576
6.3327	1.6338	-0.408657	7.20678
6.36603	1.62061	-0.440597	7.16747
6.39936	1.60847	-0.471856	7.12822
6.43269	1.59769	-0.502033	7.08945
6.46602	1.58858	-0.530729	7.05156
6.49935	1.58146	-0.557545	7.01495
6.53268	1.57662	-0.582081	6.98004
6.56601	1.57438	-0.603939	6.94722
6.59934	1.57506	-0.622718	6.9169
6.63267	1.57895	-0.638019	6.88949
6.666	1.58636	-0.649443	6.8654
6.69933	1.59762	-0.65659	6.84502
6.73266	1.61302	-0.659061	6.82877
6.76599	1.65867	-0.635034	6.83181
6.79932	1.74927	-0.571727	6.86274
6.83265	1.86797	-0.482296	6.91215
6.86598	1.99794	-0.379902	6.97062
6.89931	2.12234	-0.277702	7.02872
6.93264	2.22434	-0.188855	7.07703
6.96597	2.28711	-0.126519	7.10612
6.9993	2.31855	-0.0839539	7.11938
7.03263	2.33866	-0.0456763	7.12711
7.06596	2.34877	-0.0117315	7.13028
7.09929	2.35021	0.0178346	7.12987
7.13262	2.34431	0.0429769	7.12684
7.16595	2.3324	0.0636499	7.12219
7.19928	2.31581	0.0798077	7.11687
7.23261	2.29586	0.0914055	7.11186
7.26594	2.27388	0.0983974	7.10815
7.29927	2.25121	0.100738	7.10669
7.3326	2.22826	0.0992729	7.1067
7.36593	2.20457	0.0950659	7.10674
7.39926	2.1801	0.0884008	7.10679
7.43259	2.1548	0.0795604	7.10685
7.46592	2.12865	0.0688283	7.10692
7.49925	2.10161	0.0564877	7.10699
7.53258	2.07365	0.042822	7.10706
7.56591	2.04472	0.0281146	7.10713
7.59924	2.0148	0.0126485	7.10719
7.63257	1.98384	-0.00329296	7.10724
7.6659	1.95182	-0.0194263	7.10727
7.69923	1.91869	-0.0354683	7.10729
7.73256	1.88442	-0.0511354	7.10727
7.76589	1.84898	-0.0661449	7.10723
7.79922	1.81232	-0.080213	7.10715
7.83255	1.77442	-0.0930567	7.10704
7.86588	1.73524	-0.104392	7.10688
7.89921	1.69474	-0.113937	7.10668
7.93254	1.65289	-0.121407	7.10643
7.96587	1.60964	-0.126519	7.10612
7.9992	1.56428	-0.129638	7.10576
8.03253	1.51624	-0.131387	7.10535
8.06586	1.46581	-0.131876	7.10489
8.09919	1.41323	-0.131214	7.10438
8.13252	1.35876	-0.129509	7.10383
8.16585	1.30268	-0.12687	7.10325
8.19918	1.24523	-0.123407	7.10263
8.23251	1.18669	-0.119227	7.10198
8.26584	1.1273	-0.11444	7.10131
8.29917	1.06734	-0.109154	7.10062
8.3325	1.00706	-0.103479	7.09991
8.36583	0.946723	-0.0975235	7.09918
8.39916	0.88659	-0.0913957	7.09845
8.43249	0.826921	-0.0852046	7.09771
8.46582	0.767977	-0.0790591	7.09696
8.49915	0.71002	-0.0730681	7.09622
8.53248	0.65331	-0.0673404	7.09549
8.56581	0.598109	-0.0619849	7.09476
8.59914	0.544676	-0.0571103	7.09405
8.63247	0.493273	-0.0528254	7.09335
8.6658	0.444441	-0.0488001	7.09266
8.69913	0.398289	-0.0446439	7.09194
8.73246	0.354438	-0.0403757	7.0912
8.76579	0.312502	-0.0360141	7.09044
8.79912	0.272098	-0.0315777	7.08967
8.83245	0.232844	-0.0270853	7.08889
8.86578	0.194356	-0.0225555	7.08811
8.89911	0.156251	-0.018007	7.08732
8.93244	0.118146	-0.0134586	7.08653
8.96577	0.0796581	-0.00892879	7.08575
8.9991	0.0404035	-0.00443636	7.08497
9.03243	0.0	0.0	7.0842
