0.0	0.0	0.0	0.0
0.03333	-0.0118593	0.00211735	0.0403962
0.06666	-0.044873	0.00807404	0.152851
0.09999	-0.095195	0.0172771	0.324262
0.13332	-0.158979	0.0291335	0.541528
0.16665	-0.232378	0.0430503	0.791548
0.19998	-0.311547	0.0584345	1.06122
0.23331	-0.392639	0.074693	1.33744
0.26664	-0.471808	0.0912329	1.60711
0.29997	-0.545208	0.107461	1.85713
0.3333	-0.608991	0.122785	2.0744
0.36663	-0.659313	0.136611	2.24581
0.39996	-0.692327	0.148346	2.35827
0.43329	-0.704186	0.157398	2.39866
0.46662	-0.699434	0.164438	2.35781
0.49995	-0.685997	0.170572	2.24249
0.53328	-0.665104	0.17586	2.06355
0.56661	-0.637983	0.180361	1.83185
0.59994	-0.605863	0.184136	1.55823
0.63327	-0.569972	0.187244	1.25356
0.6666	-0.53154	0.189744	0.92867
0.69993	-0.491794	0.191696	0.594429
0.73326	-0.451965	0.193159	0.261683
0.76659	-0.413279	0.194193	-0.0587153
0.79992	-0.376967	0.194858	-0.355914
0.83325	-0.344256	0.195214	-0.61906
0.86658	-0.316375	0.195319	-0.837302
0.89991	-0.292605	0.195319	-1.02316
0.93324	-0.271149	0.195319	-1.19498
0.96657	-0.251616	0.195319	-1.35068
0.9999	-0.233616	0.195319	-1.48816
1.03323	-0.216759	0.195319	-1.60533
1.06656	-0.200654	0.195319	-1.70011
1.09989	-0.18491	0.195319	-1.7704
1.13322	-0.169139	0.195319	-1.81411
1.16655	-0.152948	0.195319	-1.82914
1.19988	-0.137412	0.194646	-1.77583
1.23321	-0.123459	0.192807	-1.63297
1.26654	-0.110478	0.190079	-1.42614
1.29987	-0.0978582	0.186733	-1.18093
1.3332	-0.0849904	0.183045	-0.922926
1.36653	-0.0712641	0.179289	-0.677715
1.39986	-0.0560691	0.175738	-0.470885
1.43319	-0.0387951	0.172666	-0.328023
1.46652	-0.0188321	0.170347	-0.274717
1.49985	0.00696751	0.168773	-0.322039
1.53318	0.0394248	0.167668	-0.446797
1.56651	0.0756605	0.166907	-0.62318
1.59984	0.112795	0.166364	-0.825374
1.63317	0.14795	0.165913	-1.02757
1.6665	0.178245	0.165428	-1.20395
1.69983	0.200801	0.164785	-1.32871
1.73316	0.212739	0.163856	-1.37603
1.76649	0.217302	0.16255	-1.35146
1.79982	0.220009	0.160941	-1.28562
1.83315	0.221392	0.159149	-1.19029
1.86648	0.221986	0.157298	-1.07728
1.89981	0.222324	0.15551	-0.95837
1.93314	0.222939	0.153906	-0.845356
1.96647	0.224364	0.152609	-0.750031
1.9998	0.227133	0.151742	-0.684187
2.03313	0.231779	0.151425	-0.659619
2.06646	0.24491	0.151425	-0.675007
2.09979	0.270317	0.151425	-0.716246
2.13312	0.30431	0.151425	-0.77595
2.16645	0.343198	0.151425	-0.846733
2.19978	0.38329	0.151425	-0.92121
2.23311	0.420898	0.151425	-0.991993
2.26644	0.452329	0.151425	-1.0517
2.29977	0.473894	0.151425	-1.09294
2.3331	0.481902	0.151425	-1.10832
2.36643	0.480343	0.151425	-1.09983
2.39976	0.476112	0.151425	-1.07677
2.43309	0.469876	0.151425	-1.04278
2.46642	0.462304	0.151425	-1.00152
2.49975	0.454064	0.151425	-0.956611
2.53308	0.445824	0.151425	-0.911704
2.56641	0.438252	0.151425	-0.870439
2.59974	0.432016	0.151425	-0.836455
2.63307	0.427784	0.151425	-0.813395
2.6664	0.426225	0.151425	-0.804899
2.69973	0.433309	0.151425	-0.822339
2.73306	0.451985	0.151425	-0.86832
2.76639	0.478389	0.151425	-0.933327
2.79972	0.508657	0.151425	-1.00785
2.83305	0.538925	0.151425	-1.08237
2.86638	0.565329	0.151425	-1.14737
2.89971	0.584005	0.151425	-1.19335
2.93304	0.591089	0.151425	-1.21079
2.96637	0.589989	0.151425	-1.20324
2.9997	0.587003	0.151425	-1.18272
3.03303	0.582603	0.151425	-1.15249
3.06636	0.57726	0.151425	-1.11578
3.09969	0.571446	0.151425	-1.07583
3.13302	0.565631	0.151425	-1.03588
3.16635	0.560288	0.151425	-0.999165
3.19968	0.555888	0.151425	-0.968933
3.23301	0.552903	0.151425	-0.948418
3.26634	0.551803	0.151425	-0.940859
3.29967	0.551851	0.151425	-0.961478
3.333	0.552125	0.151425	-1.01584
3.36633	0.552817	0.151425	-1.09269
3.39966	0.554119	0.151425	-1.18078
3.43299	0.556225	0.151425	-1.26888
3.46632	0.559326	0.151425	-1.34573
3.49965	0.563616	0.151425	-1.40009
3.53298	0.569286	0.151425	-1.42071
3.56631	0.576595	0.151425	-1.41136
3.59964	0.585633	0.151425	-1.38631
3.63297	0.596346	0.151425	-1.35003
3.6663	0.608674	0.151425	-1.30703
3.69963	0.622563	0.151425	-1.26178
3.73296	0.637955	0.151425	-1.21877
3.76629	0.654794	0.151425	-1.1825
3.79962	0.673022	0.151425	-1.15744
3.83295	0.692584	0.151425	-1.14809
3.86628	0.716798	0.15204	-1.16244
3.89961	0.747382	0.153686	-1.2009
3.93294	0.781874	0.15607	-1.25657
3.96627	0.817812	0.158896	-1.32258
3.9996	0.852735	0.16187	-1.39202
4.03293	0.884182	0.164696	-1.45803
4.06626	0.909692	0.167079	-1.5137
4.09959	0.926803	0.168726	-1.55216
4.13292	0.933053	0.16934	-1.56651
4.16625	0.932688	0.16934	-1.55675
4.19958	0.931725	0.16934	-1.53102
4.23291	0.930364	0.16934	-1.49464
4.26624	0.928803	0.16934	-1.45294
4.29957	0.927243	0.16934	-1.41124
4.3329	0.925882	0.16934	-1.37486
4.36623	0.924919	0.16934	-1.34913
4.39956	0.924553	0.16934	-1.33937
4.43289	0.930331	0.16934	-1.3476
4.46622	0.946015	0.16934	-1.36993
4.49955	0.969127	0.16934	-1.40285
4.53288	0.997193	0.16934	-1.44281
4.56621	1.02773	0.16934	-1.48631
4.59954	1.05828	0.16934	-1.5298
4.63287	1.08634	0.16934	-1.56977
4.6662	1.10945	0.16934	-1.60268
4.69953	1.12514	0.16934	-1.62502
4.73286	1.13091	0.16934	-1.63325
4.76619	1.12618	0.16934	-1.61932
4.79952	1.11349	0.16934	-1.582
4.83285	1.09511	0.16934	-1.52796
4.86618	1.07333	0.16934	-1.4639
4.89951	1.05041	0.16934	-1.3965
4.93284	1.02862	0.16934	-1.33243
4.96617	1.01025	0.16934	-1.2784
4.9995	0.997557	0.16934	-1.24107
5.03283	0.992822	0.16934	-1.22715
5.06616	0.997607	0.16934	-1.23596
5.09949	1.0106	0.16934	-1.25988
5.13282	1.02974	0.16934	-1.29514
5.16615	1.05298	0.16934	-1.33795
5.19948	1.07827	0.16934	-1.38453
5.23281	1.10357	0.16934	-1.43112
5.26614	1.12681	0.16934	-1.47393
5.29947	1.14595	0.16934	-1.50918
5.3328	1.15894	0.16934	-1.5331
5.36613	1.16372	0.16934	-1.54192
5.39946	1.15701	0.16934	-1.52594
5.43279	1.139	0.16934	-1.48311
5.46612	1.11294	0.16934	-1.4211
5.49945	1.08204	0.16934	-1.34758
5.53278	1.04953	0.16934	-1.27023
5.56611	1.01862	0.16934	-1.19671
5.59944	0.992561	0.16934	-1.13471
5.63277	0.974558	0.16934	-1.09188
5.6661	0.96784	0.16934	-1.07589
5.69943	0.971809	0.16934	-1.07679
5.73276	0.98241	0.16934	-1.08082
5.76609	0.997683	0.16934	-1.08997
5.79942	1.01567	0.16934	-1.10623
5.83275	1.03441	0.16934	-1.13161
5.86608	1.05195	0.16934	-1.16809
5.89941	1.06633	0.16934	-1.21768
5.93274	1.07558	0.16934	-1.28236
5.96607	1.08106	0.16934	-1.35018
5.9994	1.08552	0.16934	-1.40969
6.03273	1.08908	0.16934	-1.46365
6.06606	1.09188	0.16934	-1.51486
6.09939	1.09405	0.16934	-1.56609
6.13272	1.09573	0.16934	-1.62012
6.16605	1.09703	0.16934	-1.67971
6.19938	1.0981	0.16934	-1.74766
6.23271	1.09906	0.16934	-1.82673
6.26604	1.10005	0.16934	-1.91971
6.29937	1.10121	0.16934	-2.02937
6.3327	1.10265	0.16934	-2.15848
6.36603	1.10451	0.16934	-2.30983
6.39936	1.10693	0.16934	-2.4862
6.43269	1.11004	0.16934	-2.69035
6.46602	1.11397	0.16934	-2.92506
6.49935	1.11884	0.16934	-3.19312
6.53268	1.14475	0.16934	-3.66329
6.56601	1.20537	0.16934	-4.44222
6.59934	1.29122	0.16934	-5.43955
6.63267	1.39279	0.16934	-6.56487
6.666	1.50059	0.16934	-7.72782
6.69933	1.60513	0.16934	-8.83801
6.73266	1.69693	0.16934	-9.80505
6.76599	1.78412	0.16934	-10.7456
6.79932	1.87787	0.16934	-11.779
6.83265	1.97318	0.16934	-12.8186
6.86598	2.06508	0.16934	-13.7779
6.89931	2.14858	0.16934	-14.5702
6.93264	2.21868	0.16934	-15.1091
6.96597	2.27041	0.16934	-15.308
6.9993	2.31146	0.16934	-15.308
7.03263	2.35276	0.16934	-15.308
7.06596	2.39411	0.16934	-15.308
7.09929	2.43535	0.16934	-15.308
7.13262	2.47629	0.16934	-15.308
7.16595	2.51677	0.16934	-15.308
7.19928	2.5566	0.16934	-15.308
7.23261	2.59561	0.16934	-15.308
7.26594	2.63362	0.16934	-15.308
7.29927	2.67046	0.16934	-15.308
7.3326	2.70595	0.16934	-15.308
7.36593	2.73991	0.16934	-15.308
7.39926	2.77217	0.16934	-15.308
7.43259	2.80255	0.16934	-15.308
7.46592	2.83087	0.16934	-15.308
7.49925	2.85696	0.16934	-15.308
7.53258	2.88064	0.16934	-15.308
7.56591	2.90174	0.16934	-15.308
7.59924	2.92007	0.16934	-15.308
7.63257	2.93547	0.16934	-15.308
7.6659	2.94775	0.16934	-15.308
7.69923	2.95674	0.16934	-15.308
7.73256	2.96227	0.16934	-15.308
7.76589	2.96415	0.16934	-15.308
7.79922	2.96131	0.16934	-15.308
7.83255	2.95324	0.16934	-15.308
7.86588	2.94058	0.16934	-15.308
7.89921	2.92399	0.16934	-15.308
7.93254	2.90414	0.16934	-15.308
7.96587	2.88166	0.16934	-15.308
7.9992	2.85722	0.16934	-15.308
8.03253	2.83146	0.16934	-15.308
8.06586	2.80506	0.16934	-15.308
8.09919	2.77865	0.16934	-15.308
8.13252	2.7529	0.16934	-15.308
8.16585	2.72846	0.16934	-15.308
8.19918	2.70598	0.16934	-15.308
8.23251	2.68612	0.16934	-15.308
8.26584	2.66954	0.16934	-15.308
8.29917	2.65688	0.16934	-15.308
8.3325	2.64881	0.16934	-15.308
8.36583	2.64597	0.16934	-15.308
