0.0	0.0	0.0	0.0
0.03333	0.000585938	-0.00355103	0.0
0.06666	0.0025116	-0.0136493	0.0
0.09999	0.00602966	-0.0294623	0.0
0.13332	0.0113928	-0.0501581	-6.10352e-007
0.16665	0.0188532	-0.0749042	-6.10352e-007
0.19998	0.0286633	-0.102869	-6.10352e-007
0.23331	0.041076	-0.133221	-6.10352e-007
0.26664	0.056344	-0.165126	-1.2207e-006
0.29997	0.0747192	-0.197754	-1.2207e-006
0.3333	0.0964545	-0.230272	-1.2207e-006
0.36663	0.121802	-0.261847	-1.83105e-006
0.39996	0.151015	-0.291648	-1.83105e-006
0.43329	0.184346	-0.318842	-1.83105e-006
0.46662	0.222046	-0.342598	-2.44141e-006
0.49995	0.274307	-0.363889	-2.44141e-006
0.53328	0.356727	-0.383194	-2.44141e-006
0.56661	0.477677	-0.398935	-2.44141e-006
0.59994	0.645523	-0.409536	-2.44141e-006
0.63327	0.868633	-0.41342	-2.44141e-006
0.6666	1.12491	-0.41342	0.352768
0.69993	1.39065	-0.41342	1.3141
0.73326	1.67182	-0.41342	2.73852
0.76659	1.97439	-0.41342	4.48055
0.79992	2.30432	-0.41342	6.39472
0.83325	2.66758	-0.41342	8.33557
0.86658	3.07014	-0.41342	10.1576
0.89991	3.51795	-0.41342	11.7154
0.93324	3.97201	-0.41342	13.0865
0.96657	4.39883	-0.41342	14.4462
0.9999	4.81274	-0.41342	15.7949
1.03323	5.22804	-0.41342	17.1333
1.06656	5.65904	-0.41342	18.462
1.09989	6.12004	-0.41342	19.7816
1.13322	6.62535	-0.41342	21.0927
1.16655	7.18928	-0.41342	22.396
1.19988	7.82614	-0.41342	23.692
1.23321	8.55023	-0.41342	24.9814
1.26654	9.37586	-0.41342	26.2647
1.29987	10.3173	-0.41342	27.5426
1.3332	11.3863	-0.41342	28.8449
1.36653	12.5764	-0.41342	30.1886
1.39986	13.8747	-0.41342	31.5548
1.43319	15.2683	-0.41342	32.9249
1.46652	16.7444	-0.41342	34.28
1.49985	18.2902	-0.41342	35.6016
1.53318	19.8928	-0.41342	36.8709
1.56651	21.5393	-0.41342	38.069
1.59984	23.217	-0.41342	39.1774
1.63317	24.9128	-0.41342	40.1772
1.6665	26.6141	-0.41342	41.0497
1.69983	28.3472	-0.41342	41.8468
1.73316	30.1407	-0.41342	42.6295
1.76649	31.9851	-0.41342	43.3927
1.79982	33.8706	-0.41342	44.1312
1.83315	35.7878	-0.41342	44.84
1.86648	37.7269	-0.41342	45.514
1.89981	39.6783	-0.41342	46.148
1.93314	41.6324	-0.41342	46.737
1.96647	43.5796	-0.41342	47.2757
1.9998	45.5103	-0.41342	47.7593
2.03313	47.4149	-0.41342	48.1824
2.06646	49.2836	-0.41342	48.54
2.09979	51.107	-0.41342	48.8271
2.13312	52.8753	-0.41342	49.0385
2.16645	54.579	-0.41342	49.169
2.19978	56.2085	-0.41342	49.2137
2.23311	57.8439	-0.41342	49.1911
2.26644	59.557	-0.41342	49.1218
2.29977	61.3249	-0.41342	49.0039
2.3331	63.1247	-0.41342	48.8354
2.36643	64.9338	-0.41342	48.6143
2.39976	66.7291	-0.41342	48.3386
2.43309	68.488	-0.41342	48.0063
2.46642	70.1877	-0.41342	47.6153
2.49975	71.8053	-0.41342	47.1638
2.53308	73.318	-0.41342	46.6496
2.56641	74.703	-0.41342	46.0709
2.59974	75.9375	-0.41342	45.4255
2.63307	76.9987	-0.41342	44.7115
2.6664	77.8637	-0.41342	43.9269
2.69973	78.5099	-0.41342	43.0697
2.73306	78.9143	-0.41342	42.1379
2.76639	79.0542	-0.41342	41.1295
2.79972	79.0521	-0.41342	39.9565
2.83305	79.0353	-0.41342	38.5556
2.86638	78.9881	-0.41342	36.9619
2.89971	78.8948	-0.41342	35.2105
2.93304	78.7399	-0.41342	33.3366
2.96637	78.5076	-0.41342	31.3751
2.9997	78.1822	-0.41342	29.3612
3.03303	77.7481	-0.41342	27.33
3.06636	77.1896	-0.41342	25.3167
3.09969	76.491	-0.41342	23.3562
3.13302	75.6367	-0.41342	21.4838
3.16635	74.6109	-0.41342	19.7344
3.19968	73.3981	-0.41342	18.1432
3.23301	71.9825	-0.41342	16.7454
3.26634	70.3318	-0.41342	15.4514
3.29967	68.4399	-0.41342	14.1563
3.333	66.3307	-0.41342	12.8717
3.36633	64.0278	-0.41342	11.6094
3.39966	61.5551	-0.41342	10.3809
3.43299	58.9362	-0.41342	9.19805
3.46632	56.1951	-0.41342	8.07241
3.49965	53.3554	-0.41342	7.01569
3.53298	50.4409	-0.41342	6.03957
3.56631	47.4755	-0.41342	5.15572
3.59964	44.4828	-0.41342	4.37581
3.63297	41.4866	-0.41342	3.71152
3.6663	38.5107	-0.41342	3.17453
3.69963	35.5789	-0.41342	2.77651
3.73296	32.7149	-0.41342	2.52914
3.76629	29.9425	-0.41342	2.44408
3.79962	27.1718	-0.41342	2.53637
3.83295	24.3094	-0.41342	2.79861
3.86628	21.3738	-0.41342	3.20891
3.89961	18.3835	-0.41342	3.74535
3.93294	15.3571	-0.41342	4.38602
3.96627	12.3131	-0.41342	5.10902
3.9996	9.27012	-0.41342	5.89243
4.03293	6.24663	-0.41342	6.71435
4.06626	3.26118	-0.41342	7.55287
4.09959	0.332316	-0.41342	8.38608
4.13292	-2.52142	-0.41342	9.19206
4.16625	-5.28149	-0.41342	9.94891
4.19958	-7.92934	-0.41342	10.6347
4.23291	-10.4465	-0.41342	11.2276
4.26624	-12.8143	-0.41342	11.7056
4.29957	-15.0143	-0.41342	12.0468
4.3329	-17.0346	-0.41342	12.289
4.36623	-18.8872	-0.41342	12.4878
4.39956	-20.5891	-0.41342	12.6483
4.43289	-22.1573	-0.41342	12.7755
4.46622	-23.609	-0.41342	12.8743
4.49955	-24.9611	-0.41342	12.9499
4.53288	-26.2307	-0.41342	13.0072
4.56621	-27.4349	-0.41342	13.0513
4.59954	-28.5907	-0.41342	13.0871
4.63287	-29.7151	-0.41342	13.1198
4.6662	-30.8253	-0.41342	13.1543
4.69953	-31.9383	-0.41342	13.1956
4.73286	-33.0711	-0.41342	13.2489
4.76619	-34.2407	-0.41342	13.319
4.79952	-35.4643	-0.41342	13.411
4.83285	-36.7059	-0.41342	13.5149
4.86618	-37.9202	-0.41342	13.6178
4.89951	-39.1106	-0.41342	13.7202
4.93284	-40.2803	-0.41342	13.8231
4.96617	-41.4325	-0.41342	13.927
4.9995	-42.5704	-0.41342	14.0328
5.03283	-43.6972	-0.41342	14.1412
5.06616	-44.8162	-0.41342	14.2528
5.09949	-45.9306	-0.41342	14.3685
5.13282	-47.0437	-0.41342	14.4888
5.16615	-48.1586	-0.41342	14.6147
5.19948	-49.2785	-0.41342	14.7467
5.23281	-50.4068	-0.41342	14.8857
5.26614	-51.5466	-0.41342	15.0323
5.29947	-52.7012	-0.41342	15.1873
5.3328	-53.9294	-0.41342	15.3818
5.36613	-55.2474	-0.41342	15.6315
5.39946	-56.5943	-0.41342	15.9139
5.43279	-57.909	-0.41342	16.2063
5.46612	-59.1306	-0.41342	16.4861
5.49945	-60.1984	-0.41342	16.7308
5.53278	-61.0512	-0.41342	16.9178
5.56611	-61.711	-0.41342	17.06
5.59944	-62.2526	-0.41342	17.1856
5.63277	-62.6948	-0.41342	17.2945
5.6661	-63.0561	-0.41342	17.3868
5.69943	-63.3553	-0.41342	17.4622
5.73276	-63.6108	-0.41342	17.521
5.76609	-63.8413	-0.41342	17.563
5.79942	-64.0655	-0.41342	17.5882
5.83275	-64.3021	-0.41342	17.5966
5.86608	-64.5254	-0.41342	17.5665
5.89941	-64.701	-0.41342	17.485
5.93274	-64.8337	-0.41342	17.3659
5.96607	-64.9283	-0.41342	17.2225
5.9994	-64.9899	-0.41342	17.0684
6.03273	-65.0233	-0.41342	16.9171
6.06606	-65.0333	-0.41342	16.782
6.09939	-65.0233	-0.41342	16.6396
6.13272	-64.9984	-0.41342	16.472
6.16605	-64.966	-0.41342	16.3021
6.19938	-64.9337	-0.41342	16.1526
6.23271	-64.9088	-0.41342	16.0463
6.26604	-64.8988	-0.41342	16.0058
6.29937	-64.9071	-0.41342	16.0104
6.3327	-64.9288	-0.41342	16.0235
6.36603	-64.9596	-0.41342	16.0434
6.39936	-64.9948	-0.41342	16.0688
6.43269	-65.03	-0.41342	16.0982
6.46602	-65.0607	-0.41342	16.1301
6.49935	-65.0886	-0.41342	16.1691
6.53268	-65.1173	-0.41342	16.2185
6.56601	-65.1443	-0.41342	16.2742
6.59934	-65.1673	-0.41342	16.3324
6.63267	-65.1855	-0.41342	16.393
6.666	-65.1979	-0.41342	16.4604
6.69933	-65.2026	-0.41342	16.5378
6.73266	-65.1906	-0.41342	16.6258
6.76599	-65.1586	-0.41342	16.7208
6.79932	-65.1121	-0.41342	16.8195
6.83265	-65.057	-0.41342	16.9185
6.86598	-64.9987	-0.41342	17.0144
6.89931	-64.9431	-0.41342	17.1037
6.93264	-64.8958	-0.41342	17.1831
6.96597	-64.8625	-0.41342	17.2492
6.9993	-64.841	-0.41342	17.3033
7.03263	-64.8249	-0.41342	17.3494
7.06596	-64.8133	-0.41342	17.3876
7.09929	-64.8056	-0.41342	17.4182
7.13262	-64.801	-0.41342	17.4415
7.16595	-64.7986	-0.41342	17.4578
7.19928	-64.7978	-0.41342	17.4674
7.23261	-64.7976	-0.41342	17.4705
7.26594	-64.8087	-0.41342	17.4418
7.29927	-64.84	-0.41342	17.3634
7.3326	-64.8886	-0.41342	17.2468
7.36593	-64.9513	-0.41342	17.1036
7.39926	-65.0252	-0.41342	16.9454
7.43259	-65.1074	-0.41342	16.7837
7.46592	-65.1947	-0.41342	16.6301
7.49925	-65.3032	-0.41342	16.5008
7.53258	-65.4414	-0.41342	16.3931
7.56591	-65.5958	-0.41342	16.2907
7.59924	-65.7527	-0.41342	16.1773
7.63257	-65.8984	-0.41342	16.0364
7.6659	-66.0194	-0.41342	15.8516
7.69923	-66.102	-0.41342	15.6067
7.73256	-66.1326	-0.41342	15.2852
7.76589	-66.1102	-0.41342	14.9096
7.79922	-66.0473	-0.41342	14.5132
7.83255	-65.9503	-0.41342	14.0956
7.86588	-65.8255	-0.41342	13.6565
7.89921	-65.6794	-0.41342	13.1954
7.93254	-65.5182	-0.41342	12.7121
7.96587	-65.3484	-0.41342	12.2061
7.9992	-65.1764	-0.41342	11.6772
8.03253	-65.0085	-0.41342	11.1249
8.06586	-64.8511	-0.41342	10.5489
8.09919	-64.7105	-0.41342	9.94879
8.13252	-64.5933	-0.41342	9.32425
8.16585	-64.4964	-0.41342	8.60563
8.19918	-64.4114	-0.41342	7.749
8.23251	-64.3355	-0.41342	6.79259
8.26584	-64.2663	-0.41342	5.77461
8.29917	-64.2012	-0.41342	4.73328
8.3325	-64.1377	-0.41342	3.7068
8.36583	-64.0733	-0.41342	2.7334
8.39916	-64.0054	-0.41342	1.85128
8.43249	-63.9314	-0.41342	1.09867
8.46582	-63.8488	-0.41342	0.513773
8.49915	-63.7552	-0.41342	0.134813
8.53248	-63.6479	-0.41342	0.0
8.56581	-63.5034	-0.41342	0.0
8.59914	-63.312	-0.41342	0.0
8.63247	-63.092	-0.41342	0.0
8.6658	-62.8615	-0.41342	0.0
8.69913	-62.6388	-0.41342	0.0
8.73246	-62.4138	-0.41342	0.0
8.76579	-62.176	-0.41342	0.0
8.79912	-61.9434	-0.41342	0.0
8.83245	-61.734	-0.41342	0.0
8.86578	-61.5449	-0.41342	0.0
8.89911	-61.3639	-0.41342	0.0
8.93244	-61.1953	-0.41342	0.0
8.96577	-61.0436	-0.41342	0.0
8.9991	-60.9128	-0.41342	0.0
9.03243	-60.8171	-0.41342	0.0
9.06576	-60.7557	-0.41342	0.0
9.09909	-60.711	-0.41342	0.0
9.13242	-60.6653	-0.41342	0.0
9.16575	-60.6152	-0.41342	0.0
9.19908	-60.5683	-0.41342	0.0
9.23241	-60.5246	-0.41342	0.0
9.26574	-60.4837	-0.41342	0.0
9.29907	-60.4454	-0.41342	0.0
9.3324	-60.4088	-0.41342	0.0
9.36573	-60.3732	-0.41342	0.0
9.39906	-60.339	-0.41342	0.0
9.43239	-60.3063	-0.41342	0.0
9.46572	-60.2754	-0.41342	0.0
9.49905	-60.2466	-0.41342	0.0
9.53238	-60.2201	-0.41342	0.0
9.56571	-60.1961	-0.41342	0.0
9.59904	-60.1746	-0.41342	0.0
9.63237	-60.1552	-0.41342	0.0
9.6657	-60.1375	-0.41342	0.0
9.69903	-60.1211	-0.41342	0.0
9.73236	-60.1058	-0.41342	0.0
9.76569	-60.0912	-0.41342	0.0
9.79902	-60.0764	-0.41342	0.0
9.83235	-60.0618	-0.41342	0.0
9.86568	-60.048	-0.41342	0.0
9.89901	-60.0359	-0.41342	0.0
9.93234	-60.0262	-0.41342	0.0
9.96567	-60.0198	-0.41342	0.0
9.999	-60.0175	-0.41342	0.0
