0.0	0.0	0.0	0.595314
0.03333	0.0138066	-0.00516684	0.590639
0.06666	0.0289604	-0.0103542	0.585574
0.09999	0.0414199	-0.0155005	0.581289
0.13332	0.0471438	-0.0205445	0.578955
0.16665	0.046157	-0.0262147	0.577832
0.19998	0.0418171	-0.0327077	0.576802
0.23331	0.0350824	-0.0391643	0.576466
0.26664	0.0269109	-0.0447253	0.577424
0.29997	0.0182608	-0.0485314	0.580277
0.3333	0.01009	-0.0497235	0.585627
0.36663	0.000748787	-0.0482878	0.594186
0.39996	-0.0111401	-0.0450923	0.605564
0.43329	-0.0242097	-0.0406007	0.618709
0.46662	-0.0370928	-0.0352766	0.63257
0.49995	-0.0484224	-0.0295834	0.646095
0.53328	-0.0568315	-0.0239848	0.658231
0.56661	-0.060953	-0.0189443	0.667927
0.59994	-0.0594199	-0.0149255	0.67413
0.63327	-0.0518655	-0.0116946	0.676228
0.6666	-0.0395367	-0.00869661	0.674969
0.69993	-0.023487	-0.00591352	0.671345
0.73326	-0.00476967	-0.00332726	0.666347
0.76659	0.015562	-0.000919685	0.660966
0.79992	0.0364545	0.00132721	0.656193
0.83325	0.0568547	0.00343153	0.65302
0.86658	0.075709	0.00541136	0.652438
0.89991	0.0919643	0.00728474	0.655438
0.93324	0.106911	0.00915665	0.6615
0.96657	0.122388	0.0110934	0.669258
0.9999	0.138165	0.013055	0.678433
1.03323	0.154012	0.0150015	0.688747
1.06656	0.169701	0.0168931	0.69992
1.09989	0.185	0.0186896	0.711673
1.13322	0.19968	0.0203513	0.723729
1.16655	0.213511	0.021838	0.735809
1.19988	0.226262	0.02311	0.747634
1.23321	0.237705	0.0241272	0.758925
1.26654	0.247609	0.0248497	0.769403
1.29987	0.255745	0.0252375	0.778791
1.3332	0.261881	0.0252507	0.786808
1.36653	0.267178	0.0248614	0.794429
1.39986	0.272776	0.0241009	0.80267
1.43319	0.278418	0.023018	0.811322
1.46652	0.283847	0.0216616	0.820173
1.49985	0.288805	0.0200807	0.829014
1.53318	0.293035	0.0183241	0.837634
1.56651	0.29628	0.0164406	0.845823
1.59984	0.298283	0.0144793	0.85337
1.63317	0.298787	0.012489	0.860065
1.6665	0.297534	0.0105185	0.865698
1.69983	0.294267	0.00861675	0.870057
1.73316	0.28873	0.00683268	0.872934
1.76649	0.280664	0.00521515	0.874116
1.79982	0.269813	0.00381304	0.873394
1.83315	0.255919	0.00267527	0.870558
1.86648	0.238726	0.00185068	0.865396
1.89981	0.185379	0.00377417	0.83752
1.93314	0.0857791	0.0084955	0.780248
1.96647	-0.0262041	0.0124861	0.713933
1.9998	-0.116699	0.0122172	0.658926
2.03313	-0.178153	0.00196213	0.61757
2.06646	-0.221477	-0.0137742	0.584259
2.09979	-0.240499	-0.0231725	0.567422
2.13312	-0.244921	-0.0254653	0.561858
2.16645	-0.248589	-0.0277525	0.556731
2.19978	-0.251551	-0.0300164	0.552022
2.23311	-0.253855	-0.0322393	0.547708
2.26644	-0.255547	-0.0344036	0.54377
2.29977	-0.256677	-0.0364913	0.540186
2.3331	-0.257292	-0.0384848	0.536936
2.36643	-0.257438	-0.0403663	0.534
2.39976	-0.257165	-0.0421182	0.531356
2.43309	-0.256519	-0.0437227	0.528984
2.46642	-0.255548	-0.045162	0.526863
2.49975	-0.2543	-0.0464185	0.524972
2.53308	-0.252823	-0.0474743	0.523292
2.56641	-0.251163	-0.0483118	0.5218
2.59974	-0.249369	-0.0489132	0.520477
2.63307	-0.247489	-0.0492607	0.519301
2.6664	-0.24557	-0.0493367	0.518252
2.69973	-0.243659	-0.0491234	0.517309
2.73306	-0.241805	-0.0486031	0.516452
2.76639	-0.240054	-0.0477581	0.51566
2.79972	-0.238456	-0.0465705	0.514912
2.83305	-0.237056	-0.0450227	0.514187
2.86638	-0.23567	-0.0429972	0.513599
2.89971	-0.23409	-0.0404194	0.513265
2.93304	-0.232329	-0.037336	0.513172
2.96637	-0.230401	-0.0337938	0.513304
2.9997	-0.228319	-0.0298394	0.513649
3.03303	-0.226098	-0.0255196	0.514191
3.06636	-0.22375	-0.0208809	0.514917
3.09969	-0.22129	-0.0159701	0.515813
3.13302	-0.218731	-0.010834	0.516864
3.16635	-0.216087	-0.00551922	0.518057
3.19968	-0.213371	-7.24411e-005	0.519377
3.23301	-0.210597	0.00545963	0.520809
3.26634	-0.20778	0.0110303	0.522341
3.29967	-0.204931	0.016593	0.523958
3.333	-0.202066	0.0221008	0.525645
3.36633	-0.199198	0.0275071	0.527389
3.39966	-0.19634	0.0327652	0.529176
3.43299	-0.193506	0.0378285	0.530991
3.46632	-0.19071	0.0426502	0.53282
3.49965	-0.187966	0.0471836	0.534649
3.53298	-0.185286	0.0513821	0.536464
3.56631	-0.182595	0.055197	0.538886
3.59964	-0.179789	0.0585801	0.542343
3.63297	-0.176839	0.0614855	0.546538
3.6663	-0.17372	0.0638671	0.551168
3.69963	-0.170404	0.0656788	0.555936
3.73296	-0.166863	0.0668745	0.560541
3.76629	-0.16307	0.0674082	0.564683
3.79962	-0.159188	0.0673717	0.568577
3.83295	-0.155354	0.0669215	0.572591
3.86628	-0.151502	0.0661089	0.576663
3.89961	-0.147567	0.0649849	0.580724
3.93294	-0.143483	0.0636007	0.584712
3.96627	-0.139183	0.0620075	0.58856
3.9996	-0.134601	0.0602564	0.592203
4.03293	-0.129673	0.0583984	0.595575
4.06626	-0.124332	0.0564849	0.598612
4.09959	-0.118511	0.0545668	0.601247
4.13292	-0.11176	0.0524724	0.603546
4.16625	-0.103896	0.0500531	0.605612
4.19958	-0.0952555	0.0473951	0.607439
4.23291	-0.0861778	0.0445845	0.609019
4.26624	-0.0769999	0.0417076	0.610346
4.29957	-0.0680599	0.0388504	0.611413
4.3329	-0.0596956	0.0360993	0.612213
4.36623	-0.0522446	0.0335402	0.61274
4.39956	-0.046045	0.0312596	0.612987
4.43289	-0.0414344	0.0293434	0.612948
4.46622	-0.0378926	0.0276711	0.612707
4.49955	-0.0346592	0.0260619	0.612363
4.53288	-0.0317116	0.0245109	0.611922
4.56621	-0.0290272	0.0230136	0.611391
4.59954	-0.0265835	0.0215655	0.610779
4.63287	-0.0243579	0.0201619	0.610094
4.6662	-0.0223279	0.0187982	0.609342
4.69953	-0.0204708	0.0174698	0.608531
4.73286	-0.0187642	0.016172	0.60767
4.76619	-0.0171854	0.0149004	0.606765
4.79952	-0.0157119	0.0136503	0.605825
4.83285	-0.0143212	0.012417	0.604857
4.86618	-0.0129906	0.011196	0.603868
4.89951	-0.0116976	0.0099827	0.602867
4.93284	-0.0104197	0.00877249	0.60186
4.96617	-0.00913422	0.00756069	0.600856
4.9995	-0.0078187	0.00634281	0.599863
5.03283	-0.00645048	0.00511414	0.598887
5.06616	-0.0050071	0.00387014	0.597936
5.09949	-0.00346592	0.00260618	0.597019
5.13282	-0.00180443	0.00131769	0.596142
5.16615	0.0	0.0	0.595314
