0.0	0.0	0.0	0.595314
0.03333	0.0	0.0	0.596402
0.06666	0.0	0.0	0.597559
0.09999	0.0	0.0	0.598765
0.13332	0.0	0.0	0.6
0.16665	0.0	0.0	0.601241
0.19998	0.0	0.0	0.602469
0.23331	0.0	0.0	0.603661
0.26664	0.0	0.0	0.604798
0.29997	0.0	0.0	0.605857
0.3333	0.0	0.0	0.606818
0.36663	0.0	0.0	0.60766
0.39996	0.0	0.0	0.608362
0.43329	0.0	0.0	0.608903
0.46662	-0.00104372	0.000815182	0.609331
0.49995	-0.00391394	0.00305693	0.609708
0.53328	-0.00821926	0.00641956	0.610035
0.56661	-0.0135683	0.0105974	0.610309
0.59994	-0.0195696	0.0152847	0.610532
0.63327	-0.0258319	0.0201757	0.610702
0.6666	-0.0319638	0.0249649	0.610818
0.69993	-0.0375737	0.0293465	0.61088
0.73326	-0.0422704	0.0330149	0.610887
0.76659	-0.0456625	0.0356642	0.610839
0.79992	-0.0473585	0.0369889	0.610735
0.83325	-0.0469671	0.0366832	0.610575
0.86658	-0.0440969	0.0344414	0.610357
0.89991	-0.0383565	0.0299579	0.610082
0.93324	-0.0293545	0.022927	0.609748
0.96657	-0.0166994	0.0130429	0.609355
0.9999	0.0	0.0	0.608903
1.03323	0.0650569	-0.0533753	0.607095
1.06656	0.187624	-0.153377	0.60372
1.09989	0.315353	-0.253993	0.600403
1.13322	0.395894	-0.309209	0.598772
1.16655	0.432401	-0.325789	0.598535
1.19988	0.463475	-0.340981	0.598319
1.23321	0.489934	-0.354493	0.598123
1.26654	0.512599	-0.366036	0.597946
1.29987	0.53229	-0.375318	0.597787
1.3332	0.549827	-0.382049	0.597647
1.36653	0.566029	-0.385939	0.597524
1.39986	0.581718	-0.386697	0.597417
1.43319	0.597711	-0.384032	0.597327
1.46652	0.61483	-0.377655	0.597252
1.49985	0.633894	-0.367275	0.597192
1.53318	0.655724	-0.352601	0.597146
1.56651	0.681139	-0.333343	0.597114
1.59984	0.710959	-0.309209	0.597094
1.63317	0.760601	-0.242892	0.597087
1.6665	0.833073	-0.121991	0.597092
1.69983	0.910579	0.0164195	0.597108
1.73316	0.975324	0.135264	0.597134
1.76649	1.00951	0.197468	0.59717
1.79982	1.02109	0.216724	0.597215
1.83315	1.03003	0.231686	0.597268
1.86648	1.03656	0.24272	0.59733
1.89981	1.04092	0.250192	0.597398
1.93314	1.04337	0.254469	0.597474
1.96647	1.04413	0.255916	0.597555
1.9998	1.04345	0.254899	0.597642
2.03313	1.04157	0.251786	0.597734
2.06646	1.03872	0.246942	0.597829
2.09979	1.03516	0.240733	0.597928
2.13312	1.03111	0.233525	0.59803
2.16645	1.02682	0.225685	0.598135
2.19978	1.02254	0.217579	0.59824
2.23311	1.01849	0.209573	0.598347
2.26644	1.01492	0.202033	0.598454
2.29977	1.01208	0.195326	0.598561
2.3331	1.0102	0.189817	0.598667
2.36643	1.00951	0.185873	0.598772
2.39976	1.00895	0.182733	0.599038
2.43309	1.00734	0.179401	0.599609
2.46642	1.00479	0.175885	0.600452
2.49975	1.00143	0.172199	0.601532
2.53308	0.997363	0.168352	0.602819
2.56641	0.992716	0.164355	0.604279
2.59974	0.987602	0.160218	0.605878
2.63307	0.982139	0.155954	0.607585
2.6664	0.976442	0.151572	0.609366
2.69973	0.970628	0.147084	0.611188
2.73306	0.964815	0.142499	0.613019
2.76639	0.959118	0.13783	0.614825
2.79972	0.953655	0.133086	0.616574
2.83305	0.948541	0.12828	0.618233
2.86638	0.943895	0.12342	0.619769
2.89971	0.939831	0.118519	0.621149
2.93304	0.936467	0.113587	0.622341
2.96637	0.93392	0.108634	0.623311
2.9997	0.932307	0.103673	0.624026
3.03303	0.931743	0.0987125	0.624454
3.06636	0.932345	0.0937645	0.624562
3.09969	0.934231	0.0888396	0.624317
3.13302	0.937517	0.0839487	0.623686
3.16635	0.94232	0.0791024	0.622637
3.19968	0.948755	0.0743117	0.621135
3.23301	0.956941	0.0695873	0.619149
3.26634	0.966992	0.06494	0.616646
3.29967	0.979028	0.0603807	0.613592
3.333	0.993163	0.0559201	0.609955
3.36633	1.00951	0.0515691	0.605702
3.39966	1.28167	0.048966	0.530499
3.43299	1.56947	0.0485091	0.452474
3.46632	1.61292	0.0486649	0.443463
3.49965	1.64658	0.0490865	0.436719
3.53298	1.67176	0.0497052	0.432035
3.56631	1.68975	0.0504519	0.429202
3.59964	1.70182	0.0512578	0.428009
3.63297	1.70929	0.052054	0.428249
3.6663	1.71344	0.0527715	0.429712
3.69963	1.71557	0.0533415	0.432189
3.73296	1.71696	0.0536951	0.435472
3.76629	1.71891	0.0537634	0.43935
3.79962	1.72272	0.0534774	0.443616
3.83295	1.72967	0.0527683	0.448061
3.86628	1.74106	0.0515671	0.452474
3.89961	1.75515	0.0499889	0.457077
3.93294	1.76934	0.0482056	0.4622
3.96627	1.78362	0.0462339	0.467802
3.9996	1.79799	0.0440904	0.473839
4.03293	1.81244	0.0417916	0.480271
4.06626	1.82695	0.0393543	0.487054
4.09959	1.84153	0.0367951	0.494147
4.13292	1.85615	0.0341306	0.501507
4.16625	1.87082	0.0313773	0.509092
4.19958	1.88553	0.0285521	0.51686
4.23291	1.90026	0.0256713	0.524769
4.26624	1.91501	0.0227518	0.532776
4.29957	1.92978	0.0198102	0.54084
4.3329	1.94454	0.016863	0.548917
4.36623	1.9593	0.0139269	0.556966
4.39956	1.97405	0.0110184	0.564946
4.43289	1.98877	0.00815437	0.572812
4.46622	2.00347	0.00535131	0.580524
4.49955	2.01812	0.00262579	0.588038
4.53288	2.03273	-5.49316e-006	0.595314
