0	0	0	0
0.03333	-0.0294471	0.000245152	0
0.06666	-0.0625584	0.000735435	0
0.09999	-0.0938375	0.00110317	0
0.13332	-0.117788	0.000980587	0
0.16665	-0.128915	0	0
0.19998	-0.130288	-0.00158062	0
0.23331	-0.128922	-0.00325706	0
0.26664	-0.125232	-0.00502783	0
0.29997	-0.119633	-0.00689129	0
0.3333	-0.11254	-0.00884596	0
0.36663	-0.104369	-0.0108902	0
0.39996	-0.0955352	-0.0130226	0
0.43329	-0.086454	-0.0152415	0
0.46662	-0.0775409	-0.0175453	0
0.49995	-0.0692112	-0.0199325	0
0.53328	-0.0618802	-0.0224016	0
0.56661	-0.0559634	-0.024951	0
0.59994	-0.0518761	-0.0275792	0
0.63327	-0.0488627	-0.0303881	0
0.6666	-0.0459174	-0.0334516	0
0.69993	-0.0430818	-0.0367255	0
0.73326	-0.0403967	-0.040166	0
0.76659	-0.0379032	-0.0437288	0
0.79992	-0.0356426	-0.0473701	0
0.83325	-0.0336559	-0.0510458	0
0.86658	-0.0319841	-0.0547119	0
0.89991	-0.0306684	-0.0583244	0
0.93324	-0.0297499	-0.0618392	0
0.96657	-0.0292698	-0.0652123	0
0.9999	-0.029269	-0.0683996	0
1.03323	-0.0297887	-0.0713573	0
1.06656	-0.03087	-0.0740412	0
1.09989	-0.0325539	-0.0764074	0
1.13322	-0.0348817	-0.0784117	0
1.16655	-0.0378945	-0.0800102	0
1.19988	-0.041361	-0.0813632	0
1.23321	-0.0450174	-0.0826616	0
1.26654	-0.0488551	-0.083907	0
1.29987	-0.0528657	-0.0851012	0
1.3332	-0.0570408	-0.0862461	0
1.36653	-0.0613718	-0.0873432	0
1.39986	-0.0658503	-0.0883944	0
1.43319	-0.0704679	-0.0894015	0
1.46652	-0.0752161	-0.0903661	0
1.49985	-0.0800865	-0.0912901	0
1.53318	-0.0850706	-0.0921752	0
1.56651	-0.0901599	-0.0930231	0
1.59984	-0.095346	-0.0938356	0
1.63317	-0.10062	-0.0946144	0
1.6665	-0.105975	-0.0953613	0
1.69983	-0.111401	-0.0960781	0
1.73316	-0.116889	-0.0967665	0
1.76649	-0.122433	-0.0974283	0
1.79982	-0.128022	-0.0980651	0
1.83315	-0.133649	-0.0986788	0
1.86648	-0.139305	-0.0992711	0
1.89981	-0.144982	-0.0998438	0
1.93314	-0.150671	-0.100399	0
1.96647	-0.156364	-0.100937	0
1.9998	-0.162052	-0.101461	0
2.03313	-0.167728	-0.101973	0
2.06646	-0.173381	-0.102474	0
2.09979	-0.179005	-0.102965	0
2.13312	-0.18459	-0.10345	0
2.16645	-0.190128	-0.103928	0
2.19978	-0.195611	-0.104403	0
2.23311	-0.20103	-0.104876	0
2.26644	-0.206377	-0.105348	0
2.29977	-0.211643	-0.105822	0
2.3331	-0.216819	-0.106298	0
2.36643	-0.221899	-0.10678	0
2.39976	-0.226872	-0.107268	0
2.43309	-0.23173	-0.107765	0
2.46642	-0.236465	-0.108272	0
2.49975	-0.241069	-0.10879	0
2.53308	-0.245533	-0.109323	0
2.56641	-0.249849	-0.109871	0
2.59974	-0.254008	-0.110435	0
2.63307	-0.259915	-0.1109	0
2.6664	-0.268488	-0.11117	0
2.69973	-0.278234	-0.111279	0
2.73306	-0.287661	-0.111262	0
2.76639	-0.295279	-0.111153	0
2.79972	-0.299595	-0.110987	0
2.83305	-0.299117	-0.110797	0
2.86638	-0.292355	-0.110619	0
2.89971	-0.277816	-0.110487	0
2.93304	-0.254008	-0.110435	0
2.96637	-0.101948	-0.110435	0.356607
2.9997	0.0932619	-0.110435	0.858418
3.03303	0.200158	-0.110435	1.168
3.06636	0.294038	-0.110435	1.35029
3.09969	0.380411	-0.110435	1.42735
3.13302	0.464786	-0.110435	1.49302
3.16635	0.552673	-0.110435	1.54802
3.19968	0.652228	-0.110435	1.59308
3.23301	0.75978	-0.110435	1.62892
3.26634	0.863091	-0.110435	1.65626
3.29967	0.949928	-0.110435	1.67584
3.333	1.00805	-0.110435	1.68836
3.36633	1.04206	-0.110435	1.69275
3.39966	1.06597	-0.110435	1.68709
3.43299	1.08165	-0.110435	1.67083
3.46632	1.09099	-0.110435	1.64342
3.49965	1.09586	-0.110435	1.60433
3.53298	1.09816	-0.110435	1.55301
3.56631	1.09975	-0.110435	1.48892
3.59964	1.10252	-0.110435	1.1231
3.63297	1.10836	-0.110435	0
3.6663	1.10351	-0.110435	0
3.69963	1.09599	-0.110435	0
3.73296	1.10017	-0.11021	0
3.76629	1.1066	-0.109758	0
3.79962	1.11403	-0.109419	0
3.83295	1.12119	-0.109532	0
3.86628	1.12684	-0.110435	0
3.89961	1.13106	-0.112411	0
3.93294	1.13485	-0.115234	0
3.96627	1.13826	-0.118485	0
3.9996	1.14137	-0.121744	0
4.03293	1.14426	-0.124592	0
4.06626	1.14698	-0.126609	0
4.09959	1.1496	-0.127374	0
4.13292	1.15214	-0.126518	0
4.16625	1.15452	-0.124289	0
4.19958	1.15672	-0.121199	0
4.23291	1.15872	-0.117758	0
4.26624	1.16051	-0.114477	0
4.29957	1.16204	-0.111866	0
4.3329	1.16331	-0.110435	0
4.36623	1.16434	-0.10976	0
4.39956	1.16519	-0.109129	0
4.43289	1.16588	-0.10863	0
4.46622	1.16645	-0.108347	0
4.49955	1.16693	-0.108365	0
4.53288	1.16733	-0.108772	0
4.56621	1.16769	-0.109652	0
4.59954	1.16803	-0.111091	0
4.63287	1.16839	-0.113174	0
4.6662	1.16878	-0.115988	0
4.69953	1.16919	-0.120126	0
4.73286	1.16957	-0.125856	0
4.76619	1.16993	-0.132769	0
4.79952	1.17026	-0.140458	0
4.83285	1.17058	-0.148516	0
4.86618	1.17088	-0.156534	0
4.89951	1.17118	-0.164105	0
4.93284	1.17147	-0.170822	0
4.96617	1.17176	-0.176277	0
4.9995	1.17205	-0.180062	0
5.03283	1.17235	-0.181769	0
5.06616	1.17267	-0.180992	0
5.09949	1.17299	-0.178291	0
5.13282	1.17331	-0.174561	0
5.16615	1.17363	-0.169897	0
5.19948	1.17395	-0.164391	0
5.23281	1.17427	-0.158137	0
5.26614	1.17459	-0.151229	0
5.29947	1.17491	-0.14376	0
5.3328	1.17522	-0.135823	0
5.36613	1.17554	-0.127513	0
5.39946	1.17586	-0.118922	0
5.43279	1.17618	-0.110144	0
5.46612	1.1765	-0.101272	0
5.49945	1.17682	-0.0924004	0
5.53278	1.17714	-0.0836224	0
5.56611	1.17746	-0.0750314	0
5.59944	1.17778	-0.0667207	0
5.63277	1.17809	-0.0587841	0
5.6661	1.17841	-0.0513149	0
