0.0	0.0	0.0	0.743199
0.03333	0.0165372	-0.00685237	0.725539
0.06666	0.033989	-0.0152866	0.706023
0.09999	0.0514407	-0.0237208	0.686506
0.13332	0.067978	-0.0305732	0.668847
0.16665	0.0826861	-0.0342618	0.654902
0.19998	0.0946506	-0.0332049	0.64653
0.23331	0.104646	-0.0280298	0.642786
0.26664	0.114001	-0.0206759	0.641292
0.29997	0.122629	-0.0115296	0.641747
0.3333	0.130444	-0.00097722	0.643853
0.36663	0.137359	0.010595	0.647311
0.39996	0.143291	0.0228006	0.651823
0.43329	0.148152	0.0352534	0.657089
0.46662	0.151856	0.0475669	0.662812
0.49995	0.154318	0.0593551	0.668692
0.53328	0.155476	0.0709128	0.675299
0.56661	0.155313	0.08279	0.683247
0.59994	0.153808	0.0949826	0.692305
0.63327	0.150941	0.107487	0.702242
0.6666	0.146693	0.120298	0.712824
0.69993	0.141043	0.133413	0.723822
0.73326	0.133972	0.146828	0.735003
0.76659	0.12546	0.160537	0.746135
0.79992	0.113776	0.175312	0.758036
0.83325	0.0981994	0.191484	0.771277
0.86658	0.0802208	0.208397	0.785256
0.89991	0.0613308	0.225392	0.799373
0.93324	0.0430205	0.241813	0.813025
0.96657	0.0267806	0.257002	0.825613
0.9999	0.014102	0.270301	0.836536
1.03323	0.00647552	0.281052	0.845191
1.06656	0.00446607	0.290392	0.853977
1.09989	0.0071722	0.299037	0.863928
1.13322	0.0138855	0.305698	0.872403
1.16655	0.0238975	0.309087	0.87676
1.19988	0.0364997	0.307915	0.874358
1.23321	0.0509838	0.300894	0.862556
1.26654	0.0708225	0.280776	0.827337
1.29987	0.110402	0.223336	0.728706
1.3332	0.147658	0.154121	0.631573
1.36653	0.1728	0.0717161	0.563323
1.39986	0.189985	-0.00688527	0.513743
1.43319	0.19446	-0.0336954	0.499211
1.46652	0.192741	-0.0464328	0.492552
1.49985	0.187374	-0.05573	0.487651
1.53318	0.179544	-0.0622146	0.484362
1.56651	0.170435	-0.0665142	0.482538
1.59984	0.161231	-0.0692564	0.482035
1.63317	0.153115	-0.0710689	0.482706
1.6665	0.147272	-0.0725793	0.484406
1.69983	0.144886	-0.0744151	0.48699
1.73316	0.14714	-0.077204	0.490311
1.76649	0.155218	-0.0815736	0.494224
1.79982	0.170304	-0.0881515	0.498584
1.83315	0.193583	-0.0975653	0.503244
1.86648	0.268997	-0.119875	0.514395
1.89981	0.408807	-0.155351	0.535876
1.93314	0.56667	-0.189933	0.564016
1.96647	0.704905	-0.212264	0.596398
1.9998	0.843911	-0.229264	0.636188
2.03313	0.983752	-0.24177	0.679224
2.06646	1.11747	-0.248447	0.720017
2.09979	1.24145	-0.247035	0.754622
2.13312	1.36442	-0.233983	0.786969
2.16645	1.47172	-0.215543	0.813492
2.19978	1.54488	-0.199262	0.829091
2.23311	1.58897	-0.185288	0.837816
2.26644	1.62316	-0.169411	0.84659
2.29977	1.65005	-0.152653	0.854626
2.3331	1.67223	-0.13603	0.86114
2.36643	1.69233	-0.120563	0.865343
2.39976	1.71293	-0.10727	0.86645
2.43309	1.73666	-0.0971707	0.863674
2.46642	1.76611	-0.091283	0.856228
2.49975	1.80388	-0.0906263	0.843327
2.53308	1.87822	-0.119982	0.784639
2.56641	1.98543	-0.186477	0.687386
2.59974	2.09209	-0.277368	0.610707
2.63307	2.205	-0.404344	0.549353
2.6664	2.25776	-0.473152	0.534285
2.69973	2.28568	-0.515751	0.539539
2.73306	2.30349	-0.54891	0.55316
2.76639	2.31438	-0.576335	0.570182
2.79972	2.32152	-0.601734	0.585636
2.83305	2.32642	-0.627861	0.595732
2.86638	2.32289	-0.651373	0.604291
2.89971	2.31408	-0.67162	0.611937
2.93304	2.30486	-0.688759	0.618308
2.96637	2.30013	-0.702944	0.623044
2.9997	2.29722	-0.711579	0.626138
3.03303	2.29373	-0.714947	0.627799
3.06636	2.2949	-0.71752	0.627983
3.09969	2.30596	-0.72377	0.626649
3.13302	2.33142	-0.738294	0.623267
3.16635	2.36888	-0.762462	0.615885
3.19968	2.41421	-0.791027	0.606591
3.23301	2.46364	-0.818183	0.598074
3.26634	2.51341	-0.83813	0.593021
3.29967	2.55973	-0.845062	0.594121
3.333	2.60395	-0.840624	0.600863
3.36633	2.64949	-0.831059	0.610463
3.39966	2.69568	-0.817469	0.622208
3.43299	2.74188	-0.800954	0.635384
3.46632	2.78744	-0.782616	0.649276
3.49965	2.83171	-0.763555	0.66317
3.53298	2.87403	-0.744872	0.676352
3.56631	2.91375	-0.727668	0.688108
3.59964	2.95022	-0.713044	0.697723
3.63297	2.98297	-0.701875	0.704936
3.6663	3.01286	-0.693303	0.711955
3.69963	3.04044	-0.686666	0.719048
3.73296	3.06613	-0.681462	0.726054
3.76629	3.09034	-0.677187	0.732812
3.79962	3.11348	-0.673339	0.739159
3.83295	3.13597	-0.669415	0.744933
3.86628	3.15822	-0.664913	0.749974
3.89961	3.18066	-0.659329	0.754118
3.93294	3.20368	-0.652161	0.757206
3.96627	3.22771	-0.642906	0.759074
3.9996	3.25316	-0.631061	0.759561
4.03293	3.28045	-0.616123	0.758506
4.06626	3.30999	-0.597591	0.755746
4.09959	3.34572	-0.569525	0.747586
4.13292	3.40284	-0.507024	0.717976
4.16625	3.46904	-0.425134	0.676828
4.19958	3.52777	-0.345247	0.638176
4.23291	3.56248	-0.288757	0.616056
4.26624	3.57761	-0.251723	0.608559
4.29957	3.58889	-0.21617	0.604078
4.3329	3.59671	-0.182439	0.602105
4.36623	3.60144	-0.15087	0.602133
4.39956	3.60347	-0.121805	0.603656
4.43289	3.60319	-0.0955826	0.606165
4.46622	3.60096	-0.0725445	0.609153
4.49955	3.59718	-0.0530305	0.612112
4.53288	3.59223	-0.0373821	0.614536
4.56621	3.58648	-0.0259394	0.615916
4.59954	3.57948	-0.0205149	0.615932
4.63287	3.56706	-0.0286039	0.615442
4.6662	3.54996	-0.0477327	0.61475
4.69953	3.52981	-0.0737698	0.614003
4.73286	3.50824	-0.102583	0.613345
4.76619	3.48688	-0.130041	0.612924
4.79952	3.46737	-0.152013	0.612883
4.83285	3.45133	-0.164365	0.613371
4.86618	3.43524	-0.166451	0.613874
4.89951	3.41623	-0.161834	0.614061
4.93284	3.39694	-0.152703	0.614349
4.96617	3.37999	-0.141245	0.615154
4.9995	3.36801	-0.129646	0.616892
5.03283	3.36363	-0.120094	0.619979
5.06616	3.36948	-0.114775	0.624832
5.09949	3.38722	-0.115125	0.631713
5.13282	3.41235	-0.117899	0.639893
5.16615	3.44311	-0.122187	0.64907
5.19948	3.47852	-0.127729	0.659075
5.23281	3.51763	-0.134266	0.669735
5.26614	3.55947	-0.141538	0.680881
5.29947	3.60307	-0.149285	0.69234
5.3328	3.64748	-0.157249	0.703941
5.36613	3.69172	-0.16517	0.715514
5.39946	3.73484	-0.172787	0.726887
5.43279	3.77588	-0.179843	0.73789
5.46612	3.79531	-0.183079	0.743199
