0.0	0.0	0.0	-0.738857
0.03333	0.0	0.0	-0.739756
0.06666	0.0	0.0	-0.742004
0.09999	0.0	0.0	-0.744925
0.13332	0.0	0.0	-0.747847
0.16665	0.0	0.0	-0.750094
0.19998	0.0	0.0	-0.750993
0.23331	0.0	0.0	-0.74987
0.26664	0.0	0.0	-0.746049
0.29997	0.0	0.0	-0.738857
0.3333	0.0	0.0	-0.724912
0.36663	0.0	0.0	-0.703396
0.39996	0.0	0.0	-0.677479
0.43329	0.0	0.0	-0.650332
0.46662	0.0	0.0	-0.625126
0.49995	0.0	0.0	-0.605033
0.53328	0.0	0.0	-0.593223
0.56661	0.0	0.0	-0.587435
0.59994	0.0	0.0	-0.583179
0.63327	0.0	0.0	-0.58028
0.6666	0.0	0.0	-0.578564
0.69993	0.0	0.0	-0.577857
0.73326	0.0	0.0	-0.577984
0.76659	0.0	0.0	-0.578771
0.79992	0.0	0.0	-0.580043
0.83325	0.0	0.0	-0.581627
0.86658	0.0	0.0	-0.583348
0.89991	0.0	0.0	-0.585032
0.93324	0.0	0.0	-0.586504
0.96657	0.0	0.0	-0.58759
0.9999	0.0	0.0	-0.588116
1.03323	0.0	0.0	-0.587907
1.06656	0.0	0.0	-0.586789
1.09989	0.0	0.000233274	-0.585247
1.13322	0.0	0.000866447	-0.58383
1.16655	0.0	0.00179954	-0.582465
1.19988	0.0	0.00293259	-0.581076
1.23321	0.0	0.00416561	-0.579587
1.26654	0.0	0.00539863	-0.577923
1.29987	0.0	0.00653168	-0.576009
1.3332	0.0	0.00746478	-0.57377
1.36653	0.0	0.00809795	-0.571131
1.39986	0.0	0.00833122	-0.568017
1.43319	0.0	0.00806463	-0.564352
1.46652	0.0	0.00719818	-0.560061
1.49985	0.0	0.00563191	-0.555069
1.53318	0.0	0.00326584	-0.549301
1.56651	0.0	0.0	-0.542681
1.59984	0.0	-0.0126258	-0.526579
1.63317	0.0	-0.0358559	-0.499293
1.6665	0.0	-0.058966	-0.471144
1.69983	0.0	-0.071232	-0.452455
1.73316	0.0	-0.0741241	-0.441992
1.76649	0.0	-0.0763018	-0.43164
1.79982	0.0	-0.0778252	-0.421397
1.83315	0.0	-0.0787542	-0.41126
1.86648	0.0	-0.0791488	-0.401227
1.89981	0.0	-0.0790692	-0.391297
1.93314	0.0	-0.0785751	-0.381466
1.96647	0.0	-0.0777268	-0.371733
1.9998	0.0	-0.0765842	-0.362094
2.03313	0.0	-0.0752073	-0.352549
2.06646	0.0	-0.0736561	-0.343094
2.09979	0.0	-0.0719906	-0.333728
2.13312	0.0	-0.0702708	-0.324448
2.16645	0.0	-0.0685568	-0.315252
2.19978	0.0	-0.0669085	-0.306138
2.23311	0.0	-0.065386	-0.297103
2.26644	0.0	-0.059091	-0.288145
2.29977	0.0	-0.0489765	-0.279262
2.3331	0.0	-0.0438793	-0.270452
2.36643	0.0	-0.0478838	-0.261712
2.39976	0.0	-0.0562015	-0.25304
2.43309	0.0	-0.0643595	-0.244434
2.46642	0.0	-0.0678852	-0.235891
2.49975	0.0	-0.0653329	-0.22741
2.53308	0.0	-0.0595044	-0.218988
2.56641	0.0	-0.0522982	-0.210623
2.59974	0.0	-0.0456126	-0.202312
2.63307	0.0	-0.041346	-0.194054
2.6664	0.0	-0.0400071	-0.185846
2.69973	0.0	-0.0403302	-0.177686
2.73306	0.0	-0.0415524	-0.169571
2.76639	0.0	-0.0429108	-0.161499
2.79972	0.0	-0.0436425	-0.153469
2.83305	0.0	-0.0439124	-0.146915
2.86638	0.0	-0.0443319	-0.14276
2.89971	0.0	-0.0448081	-0.140232
2.93304	0.0	-0.0452479	-0.138559
2.96637	0.0	-0.0455581	-0.13697
2.9997	0.0	-0.0456457	-0.134691
3.03303	0.0	-0.0454177	-0.130952
3.06636	0.0	-0.044781	-0.12498
3.09969	0.0	-0.0436425	-0.116003
3.13302	0.0	-0.0418237	-0.104073
3.16635	0.0	-0.0393253	-0.090038
3.19968	0.0	-0.0363229	-0.0743212
3.23301	0.0	-0.0329921	-0.0573448
3.26634	0.0	-0.0295085	-0.0395313
3.29967	0.0	-0.0260478	-0.0213033
3.333	0.0	-0.0227855	-0.00308327
3.36633	0.0	-0.0198974	0.0147064
3.39966	0.0	-0.017559	0.0316429
3.43299	0.0	-0.0159459	0.047304
3.46632	0.0	-0.0152337	0.0612669
3.49965	0.0	-0.0155534	0.071954
3.53298	0.0	-0.0169264	0.0791227
3.56631	0.0	-0.0193641	0.0843538
3.59964	0.0	-0.0228775	0.0892277
3.63297	0.0	-0.027478	0.0953252
3.6663	0.0	-0.033177	0.104227
3.69963	0.0	-0.0399856	0.117513
3.73296	0.0	-0.0511111	0.135844
3.76629	0.0	-0.0669771	0.158039
3.79962	0.0	-0.0834191	0.182922
3.83295	0.0	-0.0962728	0.209312
3.86628	0.0	-0.106514	0.236033
3.89961	0.0	-0.117048	0.261907
3.93294	0.0	-0.126605	0.285755
3.96627	0.0	-0.133912	0.306399
3.9996	0.0	-0.137701	0.322661
4.03293	0.0	-0.1367	0.333363
4.06626	0.0	-0.132257	0.339509
4.09959	0.0	-0.12666	0.343094
4.13292	0.0	-0.120047	0.344425
4.16625	0.0	-0.112557	0.34381
4.19958	0.0	-0.104328	0.341556
4.23291	0.0	-0.0954992	0.33797
4.26624	0.0	-0.0862086	0.333359
4.29957	0.0	-0.0765948	0.328031
4.3329	0.0	-0.0667963	0.322294
4.36623	0.0	-0.0569516	0.316454
4.39956	0.0	-0.0471993	0.310819
4.43289	0.0	-0.0376779	0.305696
4.46622	0.0	-0.0285257	0.301392
4.49955	0.0	-0.0198815	0.298216
