0.0	0.0	0.0	0.513748
0.03333	-0.0217927	0.0157832	0.519683
0.06666	-0.0419979	0.0322827	0.529935
0.09999	-0.0629969	0.048424	0.538029
0.13332	-0.0871707	0.0631328	0.53749
0.16665	-0.1169	0.0753347	0.521843
0.19998	-0.172667	0.0845363	0.464741
0.23331	-0.239457	0.0887639	0.377663
0.26664	-0.266411	0.0847222	0.310875
0.29997	-0.234753	0.0701494	0.28696
0.3333	-0.173661	0.0489435	0.322399
0.36663	-0.104212	0.0270493	0.474904
0.39996	-0.0474818	0.0104116	0.626147
0.43329	-0.00683812	0.00173927	0.679269
0.46662	0.0236841	-0.0011111	0.698802
0.49995	0.0370082	0.0005266	0.703875
0.53328	0.0390027	0.00417108	0.70808
0.56661	0.0402913	0.00819721	0.712223
0.59994	0.0409304	0.0125556	0.716259
0.63327	0.0409761	0.0171965	0.720139
0.6666	0.0404847	0.0220705	0.723819
0.69993	0.0395126	0.0271281	0.727251
0.73326	0.038116	0.0323196	0.730388
0.76659	0.0363512	0.0375957	0.733185
0.79992	0.0342745	0.0429066	0.735594
0.83325	0.0319422	0.048203	0.737569
0.86658	0.0294105	0.0534353	0.739064
0.89991	0.0267358	0.0585538	0.740032
0.93324	0.0239743	0.0635091	0.740426
0.96657	0.0211823	0.0682516	0.7402
0.9999	0.0184161	0.0727319	0.739307
1.03323	0.0157319	0.0769004	0.737701
1.06656	0.0131862	0.0807074	0.735335
1.09989	0.0108351	0.0841036	0.732163
1.13322	0.00873491	0.0870393	0.728139
1.16655	0.00694194	0.089465	0.723214
1.19988	0.0106268	0.0844911	0.703627
1.23321	0.0176531	0.0709441	0.663979
1.26654	0.0171168	0.0573482	0.616777
1.29987	-0.00188607	0.0522275	0.574525
1.3332	-0.0677598	0.0662234	0.529151
1.36653	-0.16619	0.092	0.47779
1.39986	-0.244003	0.111117	0.440749
1.43319	-0.248025	0.105133	0.43834
1.46652	-0.158119	0.0629339	0.482133
1.49985	-0.0109621	-0.00284826	0.556961
1.53318	0.161393	-0.0750343	0.643018
1.56651	0.326895	-0.136446	0.720502
1.59984	0.453493	-0.169903	0.76961
1.63317	0.529884	-0.157552	0.779171
1.6665	0.574627	-0.11061	0.760422
1.69983	0.600462	-0.0555019	0.727165
1.73316	0.620129	-0.018656	0.693205
1.76649	0.63138	-0.00787584	0.659073
1.79982	0.6293	-0.00881483	0.61551
1.83315	0.622636	-0.0146744	0.561638
1.86648	0.620129	-0.018656	0.455919
1.89981	0.627565	-0.0228726	0.517414
1.93314	0.637212	-0.0277793	0.607996
1.96647	0.637541	-0.0240909	0.662314
1.9998	0.609948	0.00352099	0.602254
2.03313	0.579266	0.0367491	0.527936
2.06646	0.554248	0.0493622	0.558916
2.09979	0.580134	0.0651627	0.605858
2.13312	0.697808	0.106094	0.617509
2.16645	0.854159	0.153461	0.621309
2.19978	1.01655	0.18019	0.623959
2.23311	1.18814	0.152673	0.632157
2.26644	1.35277	0.102089	0.652604
2.29977	1.49569	0.056001	0.701948
2.3331	1.63557	0.00507021	0.773091
2.36643	1.7609	-0.0359491	0.837115
2.39976	1.86018	-0.0523028	0.865102
2.43309	1.93201	-0.0368959	0.846712
2.46642	1.98614	-0.000660334	0.801157
2.49975	2.0278	0.0441188	0.743842
2.53308	2.0622	0.0851552	0.690177
2.56641	2.09457	0.110164	0.655569
2.59974	2.12812	0.120602	0.635984
2.63307	2.16171	0.126651	0.617154
2.6664	2.19401	0.129106	0.599132
2.69973	2.22373	0.128766	0.581977
2.73306	2.24954	0.126427	0.565742
2.76639	2.27013	0.122886	0.550484
2.79972	2.2842	0.118941	0.536256
2.83305	2.29042	0.115389	0.523116
2.86638	2.28561	0.110683	0.511118
2.89971	2.26947	0.103414	0.500319
2.93304	2.24494	0.0945879	0.490772
2.96637	2.21501	0.0852096	0.482534
2.9997	2.18265	0.076284	0.47566
3.03303	2.15081	0.0688162	0.470206
3.06636	2.12246	0.0638113	0.466226
3.09969	2.09607	0.0613129	0.467722
3.13302	2.06843	0.060403	0.477217
3.16635	2.0401	0.0606442	0.492556
3.19968	2.01158	0.0615993	0.511582
3.23301	1.98342	0.062831	0.532139
3.26634	1.95615	0.0639018	0.55207
3.29967	1.93029	0.0643746	0.56922
3.333	1.90638	0.0638119	0.581431
3.36633	1.87467	0.0619056	0.588059
3.39966	1.83298	0.0589651	0.590855
3.43299	1.79317	0.0554796	0.591261
3.46632	1.76713	0.0519384	0.59072
3.49965	1.76672	0.0488305	0.590672
3.53298	1.8038	0.0466454	0.592561
3.56631	1.88652	0.0497037	0.59608
3.59964	2.0106	0.0576932	0.600137
3.63297	2.16937	0.0641533	0.604992
3.6663	2.3561	0.0626236	0.610905
3.69963	2.5641	0.0466433	0.618135
3.73296	2.81768	0.00861607	0.626945
3.76629	3.1213	-0.0471503	0.637164
3.79962	3.43851	-0.109263	0.648394
3.83295	3.73284	-0.166325	0.660242
3.86628	3.96784	-0.206945	0.672311
3.89961	4.08231	-0.220258	0.696896
3.93294	4.09947	-0.208995	0.722829
3.96627	4.10949	-0.182155	0.714525
3.9996	4.14125	-0.136251	0.642788
4.03293	4.16586	-0.0747701	0.536814
4.06626	4.1869	-0.017169	0.448602
4.09959	4.20438	0.0332895	0.410798
4.13292	4.21164	0.0637184	0.40453
4.16625	4.20978	0.0679367	0.408791
4.19958	4.20506	0.0647517	0.41809
4.23291	4.1988	0.0577495	0.430416
4.26624	4.19231	0.0505165	0.443758
4.29957	4.1869	0.0466388	0.456104
4.3329	4.18223	0.0457945	0.467549
4.36623	4.1772	0.0452434	0.479439
4.39956	4.17194	0.0449434	0.491646
4.43289	4.16658	0.0448527	0.504043
4.46622	4.16126	0.0449295	0.516499
4.49955	4.15611	0.0451318	0.528886
4.53288	4.15125	0.0454179	0.541077
4.56621	4.14684	0.0457458	0.552941
4.59954	4.143	0.0460737	0.564351
4.63287	4.13986	0.0463598	0.575177
4.6662	4.13756	0.0465621	0.585292
4.69953	4.13623	0.0466389	0.594566
4.73286	4.13689	0.0469224	0.603426
4.76619	4.14001	0.0476108	0.612063
4.79952	4.14489	0.0484612	0.619997
4.83285	4.15081	0.0492305	0.626748
4.86618	4.15708	0.049676	0.631836
4.89951	4.16299	0.0495545	0.634782
4.93284	4.16784	0.0486231	0.635106
4.96617	4.17093	0.0466388	0.632327
4.9995	4.17254	0.0436532	0.626437
5.03283	4.17351	0.0399626	0.618042
5.06616	4.17395	0.0356915	0.607584
5.09949	4.17397	0.0309643	0.595505
5.13282	4.17368	0.0259053	0.582248
5.16615	4.17321	0.020639	0.568253
5.19948	4.17266	0.0152897	0.553963
5.23281	4.17215	0.00998201	0.539822
5.26614	4.17179	0.00484009	0.526269
5.29947	4.1717	-1.15681e-005	0.513748
