0.0	0.0	0.0	0.0
0.03333	0.0400392	0.0	0.164763
0.06666	0.0652913	0.0	0.235235
0.09999	0.0886867	0.0	0.292564
0.13332	0.10661	0.0	0.326256
0.16665	0.116523	0.0	0.32904
0.19998	0.122862	0.0	0.31418
0.23331	0.127169	0.0	0.285714
0.26664	0.130091	0.0	0.244953
0.29997	0.132273	0.0	0.193206
0.3333	0.13436	0.0	0.131782
0.36663	0.136998	0.0	0.0619922
0.39996	0.140831	0.0	-0.0148544
0.43329	0.146988	0.0	-0.122928
0.46662	0.157422	0.0	-0.347837
0.49995	0.169221	0.0	-0.545196
0.53328	0.179594	0.0	-0.578172
0.56661	0.19081	0.0	-0.578172
0.59994	0.203011	0.0	-0.578172
0.63327	0.215689	0.0	-0.578172
0.6666	0.228332	0.0	-0.578172
0.69993	0.240431	0.0	-0.578172
0.73326	0.251474	0.0	-0.578172
0.76659	0.260951	0.0	-0.578172
0.79992	0.268353	0.0	-0.578172
0.83325	0.273168	0.0	-0.578172
0.86658	0.274886	0.0	-0.578172
0.89991	0.27474	0.0	-0.578172
0.93324	0.274318	0.0	-0.578172
0.96657	0.273643	0.0	-0.578172
0.9999	0.272739	0.0	-0.578172
1.03323	0.271629	0.0	-0.578172
1.06656	0.270337	0.0	-0.578172
1.09989	0.268886	0.0	-0.578172
1.13322	0.2673	0.0	-0.578172
1.16655	0.265602	0.0	-0.578172
1.19988	0.263816	0.0	-0.578172
1.23321	0.261965	0.0	-0.578172
1.26654	0.260073	0.0	-0.578172
1.29987	0.258163	0.0	-0.578172
1.3332	0.25626	0.0	-0.578172
1.36653	0.254386	0.0	-0.578172
1.39986	0.252564	0.0	-0.578172
1.43319	0.25082	0.0	-0.578172
1.46652	0.249175	0.0	-0.578172
1.49985	0.247653	0.0	-0.578172
1.53318	0.246279	0.0	-0.578172
1.56651	0.245074	0.0	-0.578172
1.59984	0.244064	0.0	-0.578172
1.63317	0.243272	0.0	-0.578172
1.6665	0.24272	0.0	-0.578172
1.69983	0.242433	0.0	-0.578172
1.73316	0.242396	-0.0131488	-0.578172
1.76649	0.242396	-0.0710036	-0.578172
1.79982	0.242396	-0.0730814	-0.578172
1.83315	0.242396	-0.0243683	-0.578172
1.86648	0.242396	-0.0214906	-0.578172
1.89981	0.242396	-0.0575412	-0.578172
1.93314	0.242396	-0.0593877	-0.578172
1.96647	0.242396	-0.0314612	-0.578172
1.9998	0.242396	-0.0274533	-0.578172
2.03313	0.242396	-0.0377443	-0.578172
2.06646	0.242396	-0.0378526	-0.578172
2.09979	0.242396	-0.0280386	-0.578172
2.13312	0.242502	-0.0337933	-0.578339
2.16645	0.243034	-0.0689284	-0.57918
2.19978	0.243369	-0.0723739	-0.579707
2.23311	0.243505	-0.0523993	-0.579922
2.26644	0.243674	-0.0505627	-0.580189
2.29977	0.243872	-0.066106	-0.580502
2.3331	0.244069	-0.0816489	-0.580813
2.36643	0.24425	-0.0815482	-0.581098
2.39976	0.244428	-0.0644302	-0.58138
2.43309	0.244593	-0.0437706	-0.581639
2.46642	0.244727	-0.033736	-0.581851
2.49975	0.244804	-0.0374229	-0.581994
2.53308	0.244841	-0.0459189	-0.582093
2.56641	0.244884	-0.0553764	-0.582184
2.59974	0.244983	-0.0619489	-0.582305
2.63307	0.245831	-0.0617323	-0.582496
2.6664	0.250906	-0.0531712	-0.582765
2.69973	0.259763	-0.0390782	-0.583076
2.73306	0.27126	-0.0226146	-0.583388
2.76639	0.284257	-0.00694107	-0.583661
2.79972	0.29761	0.00478104	-0.583854
2.83305	0.310179	0.00939087	-0.583928
2.86638	0.322285	0.00913773	-0.583928
2.89971	0.334978	0.00838867	-0.583928
2.93304	0.348211	0.00715942	-0.583928
2.96637	0.361939	0.00546585	-0.583928
2.9997	0.376113	0.00332367	-0.583928
3.03303	0.390689	0.000748901	-0.583928
3.06636	0.40562	-0.00224304	-0.583928
3.09969	0.420859	-0.00563614	-0.583928
3.13302	0.436361	-0.00941483	-0.583928
3.16635	0.452077	-0.0135631	-0.583928
3.19968	0.467963	-0.0180653	-0.583928
3.23301	0.483972	-0.0229056	-0.583928
3.26634	0.500057	-0.0280682	-0.583928
3.29967	0.516172	-0.0335374	-0.583928
3.333	0.53227	-0.0392975	-0.583928
3.36633	0.548306	-0.0453326	-0.583928
3.39966	0.564232	-0.0516269	-0.583928
3.43299	0.580003	-0.0581647	-0.583928
3.46632	0.595571	-0.0649301	-0.583928
3.49965	0.610891	-0.0719077	-0.583928
3.53298	0.625916	-0.0790811	-0.583928
3.56631	0.6406	-0.0864351	-0.583928
3.59964	0.654896	-0.0939535	-0.583928
3.63297	0.668758	-0.101621	-0.583928
3.6663	0.682139	-0.109421	-0.583928
3.69963	0.694993	-0.117339	-0.583928
3.73296	0.707274	-0.125358	-0.583928
3.76629	0.718935	-0.133463	-0.583928
3.79962	0.72993	-0.141637	-0.583928
3.83295	0.740213	-0.149866	-0.583928
3.86628	0.749736	-0.158134	-0.583928
3.89961	0.758454	-0.166423	-0.583928
3.93294	0.76632	-0.17472	-0.583928
3.96627	0.773288	-0.183008	-0.583928
3.9996	0.779311	-0.191271	-0.583928
4.03293	0.784343	-0.199493	-0.583928
4.06626	0.788337	-0.207659	-0.583928
4.09959	0.791248	-0.215754	-0.583928
4.13292	0.793029	-0.22376	-0.583928
4.16625	0.793633	-0.231663	-0.583928
4.19958	0.793633	-0.24015	-0.584118
4.23291	0.793633	-0.249832	-0.584668
4.26624	0.793633	-0.260577	-0.585546
4.29957	0.793633	-0.272256	-0.586722
4.3329	0.793633	-0.284736	-0.588163
4.36623	0.793633	-0.297886	-0.589839
4.39956	0.793633	-0.311575	-0.591719
4.43289	0.793633	-0.325672	-0.59377
4.46622	0.793633	-0.340046	-0.595963
4.49955	0.793633	-0.354565	-0.598264
4.53288	0.793633	-0.369098	-0.600644
4.56621	0.793633	-0.383514	-0.603071
4.59954	0.793633	-0.397682	-0.605513
4.63287	0.793633	-0.411471	-0.60794
4.6662	0.793633	-0.424749	-0.61032
4.69953	0.793633	-0.437385	-0.612622
4.73286	0.793633	-0.449248	-0.614814
4.76619	0.793633	-0.460206	-0.616866
4.79952	0.793633	-0.47013	-0.618745
4.83285	0.793633	-0.478886	-0.620421
4.86618	0.793633	-0.486345	-0.621862
4.89951	0.793633	-0.492374	-0.623038
4.93284	0.793633	-0.496844	-0.623917
4.96617	0.793633	-0.499622	-0.624467
4.9995	0.793633	-0.500577	-0.624657
