0.0	0.0	0.0	0.0
0.03333	-0.127615	0.0695894	0.114522
0.06666	-0.248532	0.138357	0.250973
0.09999	-0.363432	0.206386	0.40337
0.13332	-0.472996	0.273761	0.565736
0.16665	-0.577905	0.340565	0.732088
0.19998	-0.67884	0.406881	0.896447
0.23331	-0.776483	0.472793	1.05283
0.26664	-0.871514	0.538385	1.19526
0.29997	-0.964616	0.60374	1.31776
0.3333	-1.05647	0.668941	1.41434
0.36663	-1.14775	0.734073	1.47903
0.39996	-1.23915	0.799219	1.50583
0.43329	-1.33135	0.864463	1.48879
0.46662	-1.42501	0.929888	1.4219
0.49995	-1.52084	0.995577	1.30282
0.53328	-1.61951	1.06161	1.13711
0.56661	-1.72169	1.12808	0.930717
0.59994	-1.82807	1.19507	0.689557
0.63327	-1.93934	1.26265	0.419566
0.6666	-2.05617	1.33092	0.126672
0.69993	-2.17924	1.39995	-0.183191
0.73326	-2.30924	1.46983	-0.504096
0.76659	-2.44685	1.54065	-0.830111
0.79992	-2.59274	1.61248	-1.15531
0.83325	-2.74761	1.68541	-1.47375
0.86658	-2.91212	1.75953	-1.77952
0.89991	-3.08697	1.83491	-2.06667
0.93324	-3.27282	1.91165	-2.32929
0.96657	-3.47037	1.98982	-2.56143
0.9999	-3.6803	2.06951	-2.75717
1.03323	-3.90328	2.1508	-2.91058
1.06656	-4.14	2.23377	-3.01573
1.09989	-4.39081	2.31878	-3.05881
1.13322	-4.65391	2.40734	-2.99602
1.16655	-4.92848	2.49948	-2.83748
1.19988	-5.21394	2.59497	-2.60222
1.23321	-5.50973	2.69355	-2.30926
1.26654	-5.81529	2.79498	-1.97764
1.29987	-6.13006	2.89901	-1.62639
1.3332	-6.45348	3.0054	-1.27454
1.36653	-6.78498	3.1139	-0.941124
1.39986	-7.12401	3.22426	-0.64517
1.43319	-7.47	3.33625	-0.405708
1.46652	-7.82239	3.4496	-0.241771
1.49985	-8.18061	3.56409	-0.172388
1.53318	-8.54411	3.67946	-0.216592
1.56651	-8.91233	3.79547	-0.373684
1.59984	-9.28469	3.91187	-0.621503
1.63317	-9.66065	4.02841	-0.946879
1.6665	-10.0396	4.14486	-1.33664
1.69983	-10.4211	4.26095	-1.77763
1.73316	-10.8044	4.37646	-2.25667
1.76649	-11.1891	4.49113	-2.76059
1.79982	-11.5746	4.60472	-3.27622
1.83315	-11.9603	4.71698	-3.7904
1.86648	-12.3456	4.82767	-4.28997
1.89981	-12.73	4.93653	-4.76174
1.93314	-13.113	5.04334	-5.19255
1.96647	-13.494	5.14783	-5.56923
1.9998	-13.8723	5.24976	-5.87862
2.03313	-14.2475	5.34889	-6.10754
2.06646	-14.619	5.44498	-6.23774
2.09979	-14.9862	5.53777	-6.27159
2.13312	-15.3485	5.62702	-6.2269
2.16645	-15.7055	5.71249	-6.12147
2.19978	-16.0564	5.79392	-5.9731
2.23311	-16.4009	5.87108	-5.79961
2.26644	-16.7383	5.94372	-5.61879
2.29977	-17.068	6.01159	-5.44845
2.3331	-17.3895	6.07445	-5.30639
2.36643	-17.7022	6.13205	-5.21042
2.39976	-18.0056	6.18414	-5.17834
2.43309	-18.2991	6.23048	-5.22796
2.46642	-18.5821	6.27083	-5.37708
2.49975	-18.837	6.28774	-5.6255
2.53308	-19.0491	6.26653	-5.95302
2.56641	-19.2226	6.21106	-6.34744
2.59974	-19.3618	6.1252	-6.79652
2.63307	-19.4709	6.01283	-7.28806
2.6664	-19.5541	5.87781	-7.80983
2.69973	-19.6155	5.72402	-8.34963
2.73306	-19.6595	5.55533	-8.89523
2.76639	-19.6903	5.37561	-9.43443
2.79972	-19.7119	5.18872	-9.955
2.83305	-19.7288	4.99855	-10.4447
2.86638	-19.7449	4.80895	-10.8914
2.89971	-19.7647	4.62381	-11.2828
2.93304	-19.7923	4.44699	-11.6067
2.96637	-19.8277	4.27823	-11.8515
2.9997	-19.8497	4.09627	-12.0171
3.03303	-19.8564	3.9	-12.1142
3.06636	-19.8501	3.69245	-12.154
3.09969	-19.8332	3.47661	-12.1475
3.13302	-19.8078	3.2555	-12.1059
3.16635	-19.7763	3.03212	-12.0402
3.19968	-19.7409	2.80947	-11.9616
3.23301	-19.704	2.59057	-11.8811
3.26634	-19.6677	2.37841	-11.8098
3.29967	-19.6345	2.17602	-11.759
3.333	-19.6065	1.98638	-11.7395
3.36633	-19.5794	1.80076	-11.7395
3.39966	-19.5481	1.61032	-11.7395
3.43299	-19.5136	1.41797	-11.7395
3.46632	-19.477	1.22662	-11.7395
3.49965	-19.4393	1.03916	-11.7395
3.53298	-19.4015	0.85851	-11.7395
3.56631	-19.3647	0.687562	-11.7395
3.59964	-19.3299	0.529227	-11.7395
3.63297	-19.2982	0.386405	-11.7395
3.6663	-19.2705	0.262002	-11.7395
3.69963	-19.248	0.158924	-11.7395
3.73296	-19.2316	0.0800719	-11.7395
3.76629	-19.2197	0.0192765	-11.7395
3.79962	-19.2096	-0.0320284	-11.7395
3.83295	-19.2012	-0.0745328	-11.7395
3.86628	-19.1945	-0.108925	-11.7395
3.89961	-19.1891	-0.135894	-11.7395
3.93294	-19.1852	-0.15613	-11.7395
3.96627	-19.1824	-0.170321	-11.7395
3.9996	-19.1806	-0.179156	-11.7395
4.03293	-19.1798	-0.183325	-11.7395
4.06626	-19.1798	-0.183516	-11.7395
4.09959	-19.1804	-0.180418	-11.7395
4.13292	-19.1815	-0.174722	-11.7395
4.16625	-19.183	-0.167114	-11.7395
4.19958	-19.1847	-0.158286	-11.7395
4.23291	-19.1866	-0.148925	-11.7395
4.26624	-19.1884	-0.139721	-11.7395
4.29957	-19.19	-0.131363	-11.7395
4.3329	-19.1914	-0.12454	-11.7395
4.36623	-19.1923	-0.11994	-11.7395
4.39956	-19.1926	-0.118254	-11.7395
4.43289	-19.1928	-0.117521	-11.7395
4.46622	-19.1932	-0.115385	-11.7395
4.49955	-19.1939	-0.111946	-11.7395
4.53288	-19.1948	-0.1073	-11.7395
4.56621	-19.1959	-0.101546	-11.7395
4.59954	-19.1972	-0.0947816	-11.7395
4.63287	-19.1987	-0.0871042	-11.7395
4.6662	-19.2004	-0.0786118	-11.7395
4.69953	-19.2022	-0.069402	-11.7395
4.73286	-19.2042	-0.059573	-11.7395
4.76619	-19.2062	-0.0492222	-11.7395
4.79952	-19.2083	-0.0384477	-11.7395
4.83285	-19.2105	-0.0273472	-11.7395
4.86618	-19.2127	-0.0160185	-11.7395
4.89951	-19.215	-0.00455933	-11.7395
4.93284	-19.2172	0.00693237	-11.7395
4.96617	-19.2195	0.0183589	-11.7395
4.9995	-19.2217	0.0296224	-11.7395
5.03283	-19.2239	0.0406252	-11.7395
5.06616	-19.226	0.0512692	-11.7395
5.09949	-19.228	0.061457	-11.7395
5.13282	-19.2298	0.0710905	-11.7395
5.16615	-19.2316	0.0800719	-11.7395
