0.0	0.0	0.0	0.0
0.03333	0.0497406	0.0	0.0
0.06666	0.10031	0.0	0.0
0.09999	0.151558	0.0	0.0
0.13332	0.203333	0.0	0.0
0.16665	0.255485	0.0	0.0
0.19998	0.307862	0.0	0.0
0.23331	0.360316	0.0	0.0
0.26664	0.412694	0.0	0.0
0.29997	0.464845	0.0	0.0
0.3333	0.51662	0.0	0.0
0.36663	0.567868	0.0	0.0
0.39996	0.618437	0.0	0.0
0.43329	0.668178	0.0	0.0
0.46662	0.716939	0.0	0.0
0.49995	0.76457	0.0	0.0
0.53328	0.81092	0.0	0.0
0.56661	0.855838	0.0	0.0
0.59994	0.899174	0.0	0.0
0.63327	0.940777	0.0	0.0
0.6666	0.981243	0.0	-0.000533905
0.69993	1.02459	0.0	-0.0045047
0.73326	1.07058	0.0	-0.0116788
0.76659	1.11823	-1.52588e-007	-0.0212556
0.79992	1.16651	-1.52588e-007	-0.0324339
0.83325	1.21444	-1.52588e-007	-0.0444131
0.86658	1.26099	-1.52588e-007	-0.0563923
0.89991	1.30518	-1.52588e-007	-0.0675706
0.93324	1.34598	-1.52588e-007	-0.0771473
0.96657	1.3824	-1.52588e-007	-0.0843214
0.9999	1.41343	-1.52588e-007	-0.0882922
1.03323	1.43806	-1.52588e-007	-0.0882589
1.06656	1.4553	-1.52588e-007	-0.0834205
1.09989	1.46412	-1.52588e-007	-0.0729763
1.13322	1.46354	-1.52588e-007	-0.0561253
1.16655	1.45253	-1.52588e-007	-0.0320668
1.19988	1.43011	-1.52588e-007	0.0
1.23321	1.38678	-1.52588e-007	0.0339052
1.26654	1.3168	-1.52588e-007	0.0644015
1.29987	1.22473	-1.52588e-007	0.0936732
1.3332	1.11516	0.0	0.123905
1.36653	0.992665	0.0	0.157282
1.39986	0.861823	0.0	0.195989
1.43319	0.727213	0.0	0.242209
1.46652	0.593412	0.0	0.298129
1.49985	0.464999	0.0	0.365932
1.53318	0.346551	0.0	0.447804
1.56651	0.242646	0.0	0.545928
1.59984	0.157864	0.0	0.662489
1.63317	0.0967811	0.0	0.799673
1.6665	0.0639761	0.0	0.959664
1.69983	0.0640271	0.0	1.14465
1.73316	0.105475	0.0	1.36944
1.76649	0.189166	0.0	1.64208
1.79982	0.308131	0.0	1.95463
1.83315	0.455405	0.0	2.2991
1.86648	0.624018	0.0	2.66754
1.89981	0.807004	0.0	3.05198
1.93314	0.997396	0.0	3.44447
1.96647	1.18823	0.0	3.83702
1.9998	1.37253	0.0	4.22169
2.03313	1.54333	0.0	4.59051
2.06646	1.69368	-1.52588e-007	4.93551
2.09979	1.81659	-1.52588e-007	5.24873
2.13312	1.9051	-1.52588e-007	5.52221
2.16645	1.95225	-1.52588e-007	5.74798
2.19978	1.95588	-1.52588e-007	5.91828
2.23311	1.92232	-1.52588e-007	6.03674
2.26644	1.85733	0.0	6.1125
2.29977	1.76669	0.0	6.15466
2.3331	1.65615	0.0	6.17236
2.36643	1.53148	0.0	6.17472
2.39976	1.39845	0.0	6.17086
2.43309	1.26281	0.0	6.1699
2.46642	1.13035	0.0	6.18098
2.49975	1.00681	0.0	6.2132
2.53308	0.897967	0.0	6.27571
2.56641	0.809585	0.0	6.37761
2.59974	0.747429	0.0	6.52804
2.63307	0.716496	0.0	6.7355
2.6664	0.713981	0.0	6.99879
2.69973	0.734742	0.0	7.30937
2.73306	0.773963	0.0	7.65861
2.76639	0.826828	0.0	8.03787
2.79972	0.888521	0.0	8.4385
2.83305	0.954225	0.0	8.85186
2.86638	1.01913	0.0	9.2693
2.89971	1.07841	0.0	9.68217
2.93304	1.12725	0.0	10.0818
2.96637	1.16084	0.0	10.4597
2.9997	1.17436	0.0	10.807
3.03303	1.163	0.0	11.1152
3.06636	1.11363	-0.00129578	11.3864
3.09969	0.981108	-0.010765	11.6758
3.13302	0.776588	-0.0274108	11.9836
3.16635	0.520596	-0.0488412	12.2992
3.19968	0.233657	-0.0726637	12.6118
3.23301	-0.0637016	-0.0964862	12.9109
3.26634	-0.35096	-0.117917	13.1858
3.29967	-0.607589	-0.134562	13.4257
3.333	-0.813069	-0.144032	13.62
3.36633	-0.946872	-0.143932	13.7581
3.39966	-0.988475	-0.131871	13.8293
3.43299	-0.917353	-0.105457	13.8228
3.46632	-0.712984	-0.0622975	13.7282
3.49965	-0.354839	0.0	13.5346
3.53298	0.245297	0.0975595	13.1544
3.56631	1.12642	0.23831	12.5406
3.59964	2.2352	0.412349	11.7436
3.63297	3.51833	0.609778	10.8139
3.6663	4.9225	0.820694	9.8018
3.69963	6.39439	1.0352	8.75776
3.73296	7.88069	1.24339	7.73215
3.76629	9.32807	1.43536	6.77539
3.79962	10.6832	1.60122	5.93789
3.83295	11.9277	1.73745	5.23894
3.86628	13.2282	1.87483	4.52967
3.89961	14.5933	2.01598	3.79687
3.93294	15.9982	2.1574	3.05698
3.96627	17.4178	2.29561	2.32648
3.9996	18.8271	2.42709	1.62183
4.03293	20.2011	2.54836	0.959467
4.06626	21.5149	2.65592	0.355882
4.09959	22.7435	2.74627	-0.172475
4.13292	23.8618	2.81591	-0.609143
4.16625	24.8448	2.86135	-0.937663
4.19958	25.6677	2.87909	-1.14157
4.23291	26.3054	2.86563	-1.20441
4.26624	26.7994	2.82613	-1.13049
4.29957	27.2126	2.7692	-0.94433
4.3329	27.5516	2.69651	-0.659759
4.36623	27.8233	2.60971	-0.290612
4.39956	28.0345	2.51048	0.14927
4.43289	28.1919	2.40048	0.646067
4.46622	28.3024	2.28138	1.18593
4.49955	28.3727	2.15484	1.75504
4.53288	28.4095	2.02253	2.33956
4.56621	28.4197	1.88612	2.92565
4.59954	28.4101	1.74727	3.49949
4.63287	28.3874	1.60765	4.04723
4.6662	28.3584	1.46893	4.55503
4.69953	28.3299	1.33276	5.00909
4.73286	28.3087	1.20083	5.39554
4.76619	28.3015	1.07479	5.70058
4.79952	28.3152	0.956307	5.91035
4.83285	28.3565	0.847052	6.01109
4.86618	28.4322	0.74869	5.99962
4.89951	28.5439	0.662543	5.88835
4.93284	28.6643	0.587199	5.69077
4.96617	28.7878	0.521339	5.42036
4.9995	28.9137	0.463875	5.0906
5.03283	29.0412	0.413719	4.71499
5.06616	29.1697	0.369783	4.30701
5.09949	29.2985	0.330977	3.88014
5.13282	29.4267	0.296215	3.44786
5.16615	29.5538	0.264406	3.02366
5.19948	29.6789	0.234462	2.62103
5.23281	29.8014	0.205295	2.25345
5.26614	29.9206	0.175816	1.93442
5.29947	30.0364	0.145751	2.0048
5.3328	30.1521	0.119122	2.21536
5.36613	30.2678	0.0962364	2.44954
5.39946	30.3826	0.0766145	2.69794
5.43279	30.4961	0.0597765	2.95118
5.46612	30.6073	0.045242	3.19984
5.49945	30.7157	0.0325313	3.43453
5.53278	30.8206	0.0211639	3.64586
5.56611	30.9213	0.0106602	3.82443
5.59944	31.017	0.000539703	3.96084
5.63277	31.1071	-0.00967743	4.04569
5.6661	31.191	-0.0204711	4.06958
5.69943	31.2773	-0.0307203	4.00937
5.73276	31.3711	-0.0391806	3.8601
5.76609	31.4661	-0.0461478	3.63965
5.79942	31.5558	-0.0519176	3.36592
5.83275	31.6338	-0.0567858	3.05679
5.86608	31.6936	-0.0610482	2.73015
5.89941	31.729	-0.0650005	2.40389
5.93274	31.7334	-0.0689384	2.0959
5.96607	31.7004	-0.0731577	1.82407
5.9994	31.6036	-0.0778216	1.60625
6.03273	31.347	-0.0822417	1.468
6.06606	30.985	-0.0860997	1.4472
6.09939	30.5954	-0.0891888	1.5492
6.13272	30.2559	-0.0913023	1.73726
6.16605	30.0445	-0.0922336	1.98702
6.19938	29.9339	-0.092225	2.28018
6.23271	29.8438	-0.0917192	2.60532
6.26604	29.7721	-0.0908103	2.94847
6.29937	29.7166	-0.0895921	3.29563
6.3327	29.6752	-0.0881585	3.63282
6.36603	29.6457	-0.0866035	3.94606
6.39936	29.6261	-0.0850208	4.22136
6.43269	29.6142	-0.0835046	4.44473
6.46602	29.6078	-0.0821485	4.52124
6.49935	29.6049	-0.0810467	4.43166
6.53268	29.6033	-0.0802928	4.27555
6.56601	29.6014	-0.0799237	4.13422
6.59934	29.6013	-0.0796532	3.96559
6.63267	29.6033	-0.0794257	3.769
6.666	29.6072	-0.0792385	3.55853
6.69933	29.613	-0.0790889	3.34821
6.73266	29.6205	-0.0789745	3.15211
6.76599	29.6295	-0.0788925	2.98429
6.79932	29.64	-0.0788404	2.85878
6.83265	29.6519	-0.0788156	2.78967
6.86598	29.6649	-0.0788155	2.79099
6.89931	29.679	-0.0788375	2.86763
6.93264	29.6941	-0.0788789	3.00682
6.96597	29.71	-0.0789373	3.19611
6.9993	29.7266	-0.07901	3.42306
7.03263	29.7438	-0.0790943	3.67522
7.06596	29.7614	-0.0791878	3.94015
7.09929	29.7793	-0.0792878	4.2054
7.13262	29.7974	-0.0793916	4.45853
7.16595	29.8156	-0.0794968	4.6871
7.19928	29.8337	-0.0796006	4.87866
7.23261	29.8516	-0.0797006	5.02076
7.26594	29.8692	-0.079794	5.09177
7.29927	29.8864	-0.0798784	5.0428
7.3326	29.9029	-0.0799511	4.90008
7.36593	29.9188	-0.0800095	4.7011
7.39926	29.9339	-0.0800509	4.48337
7.43259	29.948	-0.0800729	4.2844
7.46592	30.0907	-0.0800758	3.99887
7.49925	30.3784	-0.0800758	3.53575
7.53258	30.6845	-0.0800758	3.02505
7.56591	31.0064	-0.0800759	2.49533
7.59924	31.3411	-0.080076	1.97512
7.63257	31.686	-0.080076	1.49297
7.6659	32.0383	-0.0800761	1.07744
7.69923	32.3952	-0.0800761	0.757056
7.73256	32.754	-0.0800761	0.560386
7.76589	33.1118	-0.0800762	0.515968
7.79922	33.4659	-0.0800762	0.630906
7.83255	33.8136	-0.0800763	0.876949
7.86588	34.152	-0.0800763	1.22959
7.89921	34.4785	-0.0800764	1.66433
7.93254	34.7901	-0.0800764	2.15668
7.96587	35.0843	-0.0800764	2.68215
7.9992	35.3581	-0.0800765	3.21623
8.03253	35.6088	-0.0800765	3.73442
8.06586	35.8337	-0.0800765	4.21224
8.09919	36.03	-0.0800765	4.62519
8.13252	36.1949	-0.0800766	4.94876
8.16585	36.3256	-0.0800766	5.16062
8.19918	36.4194	-0.0800766	5.25724
8.23251	36.4735	-0.0800766	5.23698
8.26584	36.4851	-0.0800765	5.09693
8.29917	36.4692	-0.0800765	4.83418
8.3325	36.4426	-0.0800765	4.44584
8.36583	36.4056	-0.0800765	3.93266
8.39916	36.3583	-0.0800764	3.32088
8.43249	36.301	-0.0800764	2.62956
8.46582	36.2338	-0.0800764	1.8749
8.49915	36.157	-0.0800764	1.0731
8.53248	36.0708	-0.0800763	0.240336
8.56581	35.9753	-0.0800763	-0.607182
8.59914	35.8709	-0.0800762	-1.45327
8.63247	35.7576	-0.0800762	-2.28172
8.6658	35.6356	-0.0800761	-3.07635
8.69913	35.5053	-0.0800761	-3.82096
8.73246	35.3667	-0.0800761	-4.49936
8.76579	35.2202	-0.080076	-5.09535
8.79912	35.0658	-0.080076	-5.59275
8.83245	34.9038	-0.0800759	-5.97534
8.86578	34.7345	-0.0800758	-6.22695
8.89911	34.5579	-0.0800758	-6.27781
8.93244	34.3744	-0.0800758	-5.84302
8.96577	34.184	-0.0800757	-4.98751
8.9991	33.9871	-0.0800756	-3.83563
9.03243	33.7838	-0.0800756	-2.51173
9.06576	33.5743	-0.0800755	-1.14016
9.09909	33.3588	-0.0800755	0.154728
9.13242	33.1376	-0.0800754	1.24858
9.16575	32.9108	-0.0800753	2.06714
9.19908	32.6787	-0.0800752	2.82604
9.23241	32.4413	-0.0800752	3.5516
9.26574	32.1991	-0.0800751	4.22444
9.29907	31.952	-0.0800751	4.82515
9.3324	31.7005	-0.080075	5.33436
9.36573	31.4446	-0.0800749	5.73266
9.39906	31.1845	-0.0800748	6.00066
9.43239	30.9205	-0.0800748	6.11293
9.46572	30.6528	-0.0800747	6.03793
9.49905	30.3815	-0.0800746	5.81178
9.53238	30.1069	-0.0800746	5.47935
9.56571	29.8291	-0.0800745	5.08548
9.59904	29.5485	-0.0800744	4.67504
9.63237	29.2651	-0.0800744	4.29286
9.6657	28.8823	-0.0800743	3.9838
9.69903	28.3277	-0.0800742	3.79272
9.73236	27.6381	-0.080074	3.76447
9.76569	26.8504	-0.0800739	3.9402
9.79902	26.0013	-0.0800737	4.31055
9.83235	25.1279	-0.0800736	4.83492
9.86568	24.2668	-0.0800734	5.47287
9.89901	23.4549	-0.0800732	6.18391
9.93234	22.7291	-0.0800731	6.9276
9.96567	22.1262	-0.0800729	7.66347
9.999	21.683	-0.0800729	8.35109
10.0323	21.3651	-0.0800728	8.94998
10.0657	21.1089	-0.0800727	9.41969
10.099	20.9071	-0.0800726	9.71975
10.1323	20.7527	-0.0800726	9.85356
10.1657	20.6385	-0.0800726	9.86663
10.199	20.5573	-0.0800725	9.78173
10.2323	20.5021	-0.0800725	9.62161
10.2656	20.4657	-0.0800724	9.40907
10.299	20.4409	-0.0800724	9.16684
10.3323	20.4207	-0.0800724	8.91769
10.3656	20.3979	-0.0800723	8.68441
10.399	20.3653	-0.0800723	8.48973
10.4323	20.3159	-0.0800723	8.35644
10.4656	20.2424	-0.0800723	8.3073
10.499	20.1378	-0.0800722	8.36506
10.5323	19.9941	-0.0800722	8.68406
10.5656	19.8176	-0.0800721	9.31447
10.5989	19.6222	-0.0800721	10.1228
10.6323	19.4222	-0.080072	10.9757
10.6656	19.2316	-0.0800719	11.7395
