0.0	0.0	0.0	20.1622
0.03333	0.348071	1.95499	20.7346
0.06666	0.703798	4.0046	21.2399
0.09999	1.0557	6.00691	21.7787
0.13332	1.39228	7.81995	22.4518
0.16665	1.70207	9.30178	23.3597
0.19998	2.04914	10.4456	24.5389
0.23331	2.44113	11.3459	25.9222
0.26664	2.78195	12.0132	27.4551
0.29997	2.97548	12.4575	29.0831
0.3333	2.92561	12.6892	30.7517
0.36663	2.59152	12.6379	32.4986
0.39996	2.03731	12.2969	34.3601
0.43329	1.32417	11.7715	36.2796
0.46662	0.513309	11.1673	38.2007
0.49995	-0.334072	10.5896	40.0667
0.53328	-1.40898	9.93405	41.9038
0.56661	-2.74316	9.12937	43.6366
0.59994	-4.0899	8.3078	45.1125
0.63327	-5.51055	7.44444	46.4027
0.6666	-6.86325	6.56464	47.2086
0.69993	-8.11572	5.63212	47.2687
0.73326	-9.23701	4.72679	46.8582
0.76659	-10.0873	4.03245	46.3862
0.79992	-10.8268	3.4643	45.904
0.83325	-11.4595	2.95644	45.3444
0.86658	-11.9468	2.46633	44.6541
0.89991	-12.2578	1.9544	43.7694
0.93324	-12.3957	1.42823	42.6403
0.96657	-12.3185	0.930325	41.3685
0.9999	-11.9763	0.5038	40.073
1.03323	-11.5207	0.197362	39.0219
1.06656	-10.3702	0.0119942	37.7127
1.09989	-7.46891	-0.0736011	35.2056
1.13322	-3.04372	-0.0611827	31.684
1.16655	1.89265	-0.0140229	27.831
1.19988	6.51041	-1.19019e-005	24.1933
1.23321	14.4158	-3.27301e-005	21.8695
1.26654	23.1213	-5.54657e-005	18.0616
1.29987	33.0337	-8.10242e-005	10.519
1.3332	43.3232	-0.000107498	1.61103
1.36653	52.2796	-0.000130386	-6.49585
1.39986	59.6277	-0.000148926	-13.0235
1.43319	66.2282	-0.000165405	-18.9463
1.46652	72.0742	-0.000179901	-24.727
1.49985	77.1587	-0.000192261	-30.8282
1.53318	81.071	-0.000201035	-39.1634
1.56651	82.9183	-0.000204468	-46.7863
1.59984	82.377	-0.000203018	-48.3776
1.63317	81.4271	-0.000200806	-48.7157
1.6665	80.4456	-0.000198517	-49.0242
1.69983	79.4345	-0.000196152	-49.3033
1.73316	78.3955	-0.00019371	-49.5532
1.76649	77.3305	-0.000191269	-49.7743
1.79982	76.2413	-0.000188751	-49.9669
1.83315	75.1296	-0.000186157	-50.1311
1.86648	73.9974	-0.000183563	-50.2674
1.89981	72.8464	-0.000180893	-50.3759
1.93314	71.6785	-0.000178223	-50.4569
1.96647	70.4954	-0.000175476	-50.5108
1.9998	69.299	-0.000172729	-50.5377
2.03313	68.0911	-0.000169907	-50.5381
2.06646	66.8736	-0.00016716	-50.5121
2.09979	65.6481	-0.000164337	-50.46
2.13312	64.4166	-0.000161514	-50.3821
2.16645	63.1809	-0.000158691	-50.2788
2.19978	61.9427	-0.000155792	-50.1502
2.23311	60.7039	-0.000152969	-49.9966
2.26644	59.4664	-0.000150146	-49.8183
2.29977	58.2318	-0.000147324	-49.6157
2.3331	57.0021	-0.000144501	-49.3889
2.36643	55.7791	-0.000141678	-49.1383
2.39976	54.5646	-0.000138855	-48.8641
2.43309	53.3604	-0.000136108	-48.5666
2.46642	52.1682	-0.000133362	-48.2461
2.49975	50.99	-0.000130692	-47.9029
2.53308	49.8275	-0.000128021	-47.5372
2.56641	48.6826	-0.000125427	-47.1494
2.59974	47.5571	-0.000122833	-46.7396
2.63307	46.4528	-0.000120239	-46.3082
2.6664	45.3714	-0.000117798	-45.8555
2.69973	44.3149	-0.000115356	-45.3817
2.73306	43.2851	-0.000112991	-44.8871
2.76639	42.3689	-0.000110855	-44.1339
2.79972	42.001	-0.000110016	-41.8854
2.83305	42.0682	-0.000110168	-38.3944
2.86638	42.3634	-0.000110855	-34.1731
2.89971	42.6795	-0.000111618	-29.7341
2.93304	42.856	0.000509033	-25.4147
2.96637	43.0382	0.00488876	-20.5686
2.9997	43.2538	0.012145	-15.2498
3.03303	43.4921	0.0207086	-9.67479
3.06636	43.7426	0.0290108	-4.06004
3.09969	43.9944	0.0354823	1.3779
3.13302	44.237	0.0385544	6.42279
3.16635	44.4598	0.0366579	10.8581
3.19968	44.6519	0.0282239	14.4673
3.23301	44.8028	0.0116833	17.034
3.26634	44.9084	-0.0135135	18.4942
3.29967	45.0012	-0.0421511	19.6311
3.333	45.0879	-0.0730749	20.5975
3.36633	45.1687	-0.10607	21.4033
3.39966	45.2441	-0.140927	22.0583
3.43299	45.3145	-0.177432	22.5723
3.46632	45.3802	-0.215376	22.9552
3.49965	45.4418	-0.254543	23.2167
3.53298	45.4995	-0.294726	23.3668
3.56631	45.5539	-0.335708	23.4152
3.59964	45.6052	-0.377282	23.3717
3.63297	45.654	-0.419231	23.2462
3.6663	45.7006	-0.461348	23.0486
3.69963	45.7454	-0.503419	22.7885
3.73296	45.7887	-0.545231	22.4759
3.76629	45.8312	-0.586574	22.1206
3.79962	45.873	-0.627234	21.7325
3.83295	45.9147	-0.667001	21.3212
3.86628	45.9566	-0.705662	20.8968
3.89961	45.9991	-0.743007	20.4689
3.93294	46.0427	-0.778821	20.0474
3.96627	46.0877	-0.812895	19.6422
3.9996	46.1345	-0.845015	19.2631
4.03293	46.1836	-0.874972	18.9198
4.06626	46.2353	-0.90255	18.6223
4.09959	46.2891	-0.926859	18.352
4.13292	46.3395	-0.943335	17.9533
4.16625	46.387	-0.950406	17.419
4.19958	46.4333	-0.947157	16.7709
4.23291	46.4802	-0.932668	16.0308
4.26624	46.5291	-0.906021	15.2202
4.29957	46.5818	-0.8663	14.361
4.3329	46.6399	-0.812585	13.4749
4.36623	46.6995	-0.735414	12.5836
4.39956	46.7577	-0.631995	11.7088
4.43289	46.8174	-0.511415	10.8723
4.46622	46.8815	-0.382763	10.0957
4.49955	46.9529	-0.255127	9.40088
4.53288	47.0345	-0.137595	8.80947
4.56621	47.1293	-0.0392557	8.34319
4.59954	47.2394	0.0344985	8.00876
4.63287	47.3611	0.100054	7.72857
4.6662	47.492	0.160452	7.486
4.69953	47.6302	0.215405	7.2784
4.73286	47.7739	0.264627	7.10314
4.76619	47.9211	0.30783	6.9576
4.79952	48.0701	0.344727	6.83915
4.83285	48.2189	0.375032	6.74515
4.86618	48.3658	0.398457	6.67299
4.89951	48.5088	0.414714	6.62002
4.93284	48.6476	0.42342	6.58363
4.96617	48.7898	0.424205	6.56117
4.9995	48.9354	0.417958	6.55003
5.03283	49.083	0.405723	6.54757
5.06616	49.2313	0.388543	6.55116
5.09949	49.3788	0.36746	6.55818
5.13282	49.5242	0.343518	6.56599
5.16615	49.6661	0.317759	6.57197
5.19948	49.803	0.291227	6.57348
5.23281	49.9336	0.264964	6.5679
5.26614	50.0565	0.240013	6.55259
5.29947	50.1703	0.217417	6.52494
5.3328	50.2736	0.19822	6.4823
5.36613	50.3648	0.181168	6.43841
5.39946	50.4444	0.164298	6.40749
5.43279	50.5142	0.147583	6.38769
5.46612	50.5756	0.130997	6.37716
5.49945	50.6305	0.114516	6.37406
5.53278	50.6804	0.0981115	6.3765
5.56611	50.727	0.081759	6.38266
5.59944	50.7719	0.0654329	6.39067
5.63277	50.8169	0.0491063	6.39869
5.6661	50.8635	0.0327538	6.40484
5.69943	50.9134	0.0163499	6.4073
5.73276	50.9683	-0.000132065	6.40418
