0.0	0.0	0.0	2.48924
0.03333	-0.00341961	0.0114562	2.43456
0.06666	-0.0068569	0.0226372	2.37614
0.09999	-0.0102854	0.0339558	2.31959
0.13332	-0.0136784	0.0458247	2.27054
0.16665	-0.0170096	0.0586565	2.23459
0.19998	-0.0202771	0.0729989	2.21258
0.23331	-0.0234986	0.0885767	2.20074
0.26664	-0.0266768	0.104569	2.19785
0.29997	-0.0298142	0.120153	2.20272
0.3333	-0.0329135	0.134509	2.2141
0.36663	-0.0359335	0.148862	2.23569
0.39996	-0.0388725	0.163758	2.26831
0.43329	-0.0417921	0.177361	2.30642
0.46662	-0.0447543	0.187833	2.34449
0.49995	-0.0478207	0.193339	2.377
0.53328	-0.0505583	0.195159	2.40556
0.56661	-0.0527487	0.19565	2.43479
0.59994	-0.0547753	0.194589	2.46369
0.63327	-0.0570217	0.191753	2.49126
0.6666	-0.0598715	0.18692	2.51648
0.69993	-0.0637082	0.179867	2.53834
0.73326	-0.0689154	0.170371	2.55585
0.76659	-0.0750501	0.158843	2.56968
0.79992	-0.079099	0.147132	2.58564
0.83325	-0.0846105	0.131232	2.59573
0.86658	-0.0961327	0.106309	2.58988
0.89991	-0.118214	0.0675292	2.55804
0.93324	-0.155834	0.00919085	2.48909
0.96657	-0.211475	-0.0729883	2.37718
0.9999	-0.278228	-0.169975	2.23797
1.03323	-0.348232	-0.271227	2.08933
1.06656	-0.413628	-0.366203	1.94913
1.09989	-0.467624	-0.445671	1.83139
1.13322	-0.509447	-0.508252	1.73235
1.16655	-0.53406	-0.548034	1.66935
1.19988	-0.544039	-0.569615	1.63877
1.23321	-0.547724	-0.583756	1.62044
1.26654	-0.547725	-0.592624	1.61083
1.29987	-0.546655	-0.598386	1.60644
1.3332	-0.547125	-0.603208	1.60373
1.36653	-0.549324	-0.608069	1.60095
1.39986	-0.551669	-0.61253	1.59867
1.43319	-0.554119	-0.616625	1.59686
1.46652	-0.556631	-0.620386	1.59554
1.49985	-0.559163	-0.623849	1.59467
1.53318	-0.561672	-0.627047	1.59425
1.56651	-0.564117	-0.630013	1.59427
1.59984	-0.566456	-0.632783	1.59471
1.63317	-0.568645	-0.635389	1.59556
1.6665	-0.570642	-0.637866	1.59681
1.69983	-0.572407	-0.640248	1.59846
1.73316	-0.573895	-0.642568	1.60048
1.76649	-0.575064	-0.64486	1.60286
1.79982	-0.575874	-0.647158	1.6056
1.83315	-0.57628	-0.649497	1.60867
1.86648	-0.576745	-0.651784	1.61184
1.89981	-0.577704	-0.653917	1.61489
1.93314	-0.579079	-0.655913	1.61785
1.96647	-0.58079	-0.657786	1.62075
1.9998	-0.58276	-0.659554	1.62364
2.03313	-0.584908	-0.661234	1.62655
2.06646	-0.587156	-0.662841	1.62952
2.09979	-0.589425	-0.664392	1.63258
2.13312	-0.591637	-0.665903	1.63577
2.16645	-0.593711	-0.66739	1.63912
2.19978	-0.595571	-0.668871	1.64267
2.23311	-0.597135	-0.670361	1.64645
2.26644	-0.598326	-0.671876	1.65051
2.29977	-0.599065	-0.673433	1.65487
2.3331	-0.599272	-0.675048	1.65958
2.36643	-0.59887	-0.676738	1.66467
2.39976	-0.597778	-0.678519	1.67017
2.43309	-0.595918	-0.680408	1.67613
2.46642	-0.593212	-0.68242	1.68257
2.49975	-0.58958	-0.684572	1.68953
2.53308	-0.584943	-0.686881	1.69706
2.56641	-0.579222	-0.689362	1.70517
2.59974	-0.572339	-0.692032	1.71392
2.63307	-0.564215	-0.694908	1.72334
2.6664	-0.55477	-0.698006	1.73346
2.69973	-0.541938	-0.701641	1.74489
2.73306	-0.524183	-0.706038	1.75813
2.76639	-0.50222	-0.711078	1.77302
2.79972	-0.476765	-0.716641	1.78943
2.83305	-0.448534	-0.722606	1.80721
2.86638	-0.418243	-0.728855	1.8262
2.89971	-0.386608	-0.735267	1.84627
2.93304	-0.354344	-0.741722	1.86726
2.96637	-0.322167	-0.7481	1.88904
2.9997	-0.290794	-0.754282	1.91146
3.03303	-0.260941	-0.760149	1.93436
3.06636	-0.233322	-0.765579	1.95761
3.09969	-0.208654	-0.770453	1.98105
3.13302	-0.187653	-0.774652	2.00454
3.16635	-0.171035	-0.778055	2.02795
3.19968	-0.158326	-0.780407	2.05248
3.23301	-0.148372	-0.781664	2.07918
3.26634	-0.140863	-0.782019	2.10763
3.29967	-0.13549	-0.781669	2.13742
3.333	-0.131946	-0.780807	2.16812
3.36633	-0.12992	-0.77963	2.1993
3.39966	-0.129106	-0.778331	2.23056
3.43299	-0.129192	-0.777105	2.26146
3.46632	-0.129872	-0.776149	2.29159
3.49965	-0.130837	-0.775656	2.32053
3.53298	-0.131776	-0.775822	2.34785
3.56631	-0.132383	-0.776841	2.37314
3.59964	-0.132348	-0.778908	2.39597
3.63297	-0.131362	-0.782219	2.41593
3.6663	-0.129117	-0.786968	2.43258
3.69963	-0.125959	-0.795705	2.44002
3.73296	-0.12252	-0.809689	2.43518
3.76629	-0.118923	-0.827177	2.42193
3.79962	-0.115288	-0.846429	2.40417
3.83295	-0.11174	-0.865703	2.38578
3.86628	-0.108398	-0.883257	2.37063
3.89961	-0.105386	-0.89735	2.36262
3.93294	-0.102776	-0.906885	2.3642
3.96627	-0.100349	-0.91469	2.36922
3.9996	-0.0980443	-0.92148	2.37615
4.03293	-0.0958441	-0.927403	2.38473
4.06626	-0.0937304	-0.932608	2.39466
4.09959	-0.0916853	-0.937244	2.40566
4.13292	-0.089691	-0.941458	2.41746
4.16625	-0.0877295	-0.9454	2.42977
4.19958	-0.0857829	-0.949219	2.44232
4.23291	-0.0838334	-0.953062	2.45482
4.26624	-0.0818629	-0.957078	2.467
4.29957	-0.0798537	-0.961417	2.47856
4.3329	-0.0777877	-0.966226	2.48924
