0.0	0.0	0.0	0.442683
0.03333	0.0043898	0.00102615	0.44865
0.06666	0.00895779	0.0020372	0.454896
0.09999	0.0136628	0.00303663	0.461357
0.13332	0.0184638	0.00402794	0.467968
0.16665	0.0233196	0.00501459	0.474665
0.19998	0.0281891	0.00600009	0.481384
0.23331	0.0330312	0.00698791	0.488059
0.26664	0.0378048	0.00798153	0.494628
0.29997	0.0424687	0.00898445	0.501024
0.3333	0.0469819	0.0100001	0.507184
0.36663	0.0513032	0.0110321	0.513044
0.39996	0.0553914	0.0120838	0.518539
0.43329	0.0592056	0.0131587	0.523605
0.46662	0.0627045	0.0142604	0.528177
0.49995	0.065847	0.0153923	0.532191
0.53328	0.0685921	0.0165578	0.535582
0.56661	0.070935	0.0177789	0.538318
0.59994	0.0729198	0.0190674	0.540447
0.63327	0.0745784	0.0204122	0.542031
0.6666	0.0759431	0.021802	0.543131
0.69993	0.0770457	0.0232253	0.543806
0.73326	0.0779183	0.024671	0.544118
0.76659	0.078593	0.0261278	0.544126
0.79992	0.0791018	0.0275843	0.543892
0.83325	0.0794767	0.0290294	0.543476
0.86658	0.0797498	0.0304516	0.542939
0.89991	0.0799531	0.0318397	0.542341
0.93324	0.0801187	0.0331824	0.541743
0.96657	0.0802785	0.0344684	0.541206
0.9999	0.0804647	0.0356864	0.540789
1.03323	0.0807092	0.0368252	0.540554
1.06656	0.0810441	0.0378734	0.540561
1.09989	0.0821183	0.0390042	0.540974
1.13322	0.0843191	0.0403437	0.541824
1.16655	0.0872867	0.0418105	0.54297
1.19988	0.0906608	0.0433229	0.544271
1.23321	0.0940817	0.0447995	0.545589
1.26654	0.0971892	0.0461587	0.546782
1.29987	0.0996232	0.0473188	0.547711
1.3332	0.101024	0.0481984	0.548236
1.36653	0.101031	0.0487159	0.548215
1.39986	0.0992848	0.0487898	0.547511
1.43319	0.095425	0.0483385	0.545981
1.46652	0.0890918	0.0472804	0.543486
1.49985	0.079925	0.0455339	0.539886
1.53318	0.000568266	0.0266796	0.508066
1.56651	-0.079509	0.00610698	0.477572
1.59984	-0.0884701	0.0013863	0.477849
1.63317	-0.0918215	-0.00190883	0.481232
1.6665	-0.0906997	-0.00414157	0.486898
1.69983	-0.086241	-0.0056751	0.494027
1.73316	-0.0795818	-0.0068726	0.501796
1.76649	-0.0718583	-0.00809724	0.509384
1.79982	-0.0642069	-0.00971221	0.515968
1.83315	-0.057764	-0.0120807	0.520727
1.86648	-0.053666	-0.0155658	0.52284
1.89981	-0.0510723	-0.0198417	0.522613
1.93314	-0.0483966	-0.0243251	0.521069
1.96647	-0.0456557	-0.0289935	0.51846
1.9998	-0.0428668	-0.033824	0.515035
2.03313	-0.040047	-0.0387942	0.511047
2.06646	-0.0372134	-0.0438812	0.506744
2.09979	-0.034383	-0.0490623	0.502379
2.13312	-0.0315728	-0.0543149	0.498202
2.16645	-0.0288001	-0.0596163	0.494463
2.19978	-0.0260817	-0.0649438	0.491414
2.23311	-0.0234349	-0.0702747	0.489305
2.26644	-0.0208768	-0.0755864	0.488387
2.29977	-0.0184243	-0.0808561	0.489939
2.3331	-0.0160945	-0.0860612	0.494331
2.36643	-0.0139046	-0.0911789	0.500452
2.39976	-0.0118716	-0.0961867	0.507189
2.43309	-0.0100126	-0.101062	0.513431
2.46642	-0.00834457	-0.105781	0.518065
2.49975	-0.00688474	-0.110323	0.519979
2.53308	-0.0056501	-0.114664	0.518061
2.56641	-0.00543157	-0.118746	0.511122
2.59974	-0.00672501	-0.122484	0.499711
2.63307	-0.00910491	-0.125813	0.485324
2.6664	-0.0121458	-0.12867	0.469457
2.69973	-0.015422	-0.13099	0.453607
2.73306	-0.0185083	-0.132709	0.439271
2.76639	-0.0209789	-0.133763	0.427944
2.79972	-0.0224085	-0.134088	0.421124
2.83305	-0.0232036	-0.134022	0.417059
2.86638	-0.0240511	-0.133945	0.413004
2.89971	-0.0249461	-0.133855	0.408965
2.93304	-0.0258836	-0.133752	0.404946
2.96637	-0.0268586	-0.133635	0.400952
2.9997	-0.0278663	-0.133504	0.396987
3.03303	-0.0289016	-0.133356	0.393057
3.06636	-0.0299595	-0.133192	0.389167
3.09969	-0.0310352	-0.133011	0.38532
3.13302	-0.0321237	-0.132811	0.381523
3.16635	-0.0332199	-0.132593	0.377779
3.19968	-0.034319	-0.132354	0.374094
3.23301	-0.0354159	-0.132094	0.370472
3.26634	-0.0365058	-0.131813	0.366919
3.29967	-0.0375836	-0.131509	0.363438
3.333	-0.0386444	-0.131182	0.360036
3.36633	-0.0396833	-0.13083	0.356716
3.39966	-0.0406952	-0.130453	0.353483
3.43299	-0.0416753	-0.13005	0.350342
3.46632	-0.0426185	-0.129621	0.347299
3.49965	-0.0435199	-0.129163	0.344358
3.53298	-0.0443746	-0.128677	0.341523
3.56631	-0.0451775	-0.128162	0.338799
3.59964	-0.0459238	-0.127616	0.336192
3.63297	-0.0466084	-0.127039	0.333706
3.6663	-0.0472264	-0.126431	0.331346
3.69963	-0.0477729	-0.125789	0.329117
3.73296	-0.0482429	-0.125113	0.327023
3.76629	-0.0486313	-0.124403	0.325069
3.79962	-0.0489334	-0.123658	0.323261
3.83295	-0.049144	-0.122876	0.321603
3.86628	-0.0492583	-0.122057	0.320099
3.89961	-0.0492713	-0.1212	0.318755
3.93294	-0.049178	-0.120304	0.317575
3.96627	-0.0489734	-0.119368	0.316565
3.9996	-0.0486527	-0.118392	0.315728
4.03293	-0.0482108	-0.117374	0.31507
4.06626	-0.0476428	-0.116314	0.314596
4.09959	-0.0469437	-0.115211	0.31431
4.13292	-0.0461086	-0.114064	0.314218
4.16625	-0.0451325	-0.112871	0.314323
4.19958	-0.0440104	-0.111633	0.314632
4.23291	-0.0425567	-0.110236	0.315451
4.26624	-0.0406132	-0.108582	0.317049
4.29957	-0.0382166	-0.106692	0.31937
4.3329	-0.0354033	-0.104588	0.322361
4.36623	-0.0322101	-0.102292	0.325965
4.39956	-0.0286735	-0.099825	0.330129
4.43289	-0.02483	-0.0972094	0.334797
4.46622	-0.0207162	-0.0944667	0.339914
4.49955	-0.0163686	-0.0916186	0.345426
4.53288	-0.0118239	-0.0886867	0.351277
4.56621	-0.00711853	-0.0856928	0.357413
4.59954	-0.00228924	-0.0826587	0.363779
4.63287	0.00262748	-0.079606	0.37032
4.6662	0.00759508	-0.0765564	0.376981
4.69953	0.012577	-0.0735316	0.383706
4.73286	0.0175366	-0.0705534	0.390442
4.76619	0.0224374	-0.0676434	0.397133
4.79952	0.0272428	-0.0648233	0.403725
4.83285	0.0319162	-0.062115	0.410163
4.86618	0.036421	-0.05954	0.41639
4.89951	0.0407207	-0.0571201	0.422354
4.93284	0.0447787	-0.0548769	0.427998
4.96617	0.0485584	-0.0528323	0.433269
4.9995	0.0520233	-0.0510078	0.43811
5.03283	0.0551368	-0.0494253	0.442468
5.06616	0.0578622	-0.0481064	0.446287
5.09949	0.0601631	-0.0470728	0.449512
5.13282	0.0619164	-0.0464625	0.452045
5.16615	0.0630626	-0.0463658	0.453866
5.19948	0.0636604	-0.046733	0.455046
5.23281	0.0637685	-0.0475145	0.455653
5.26614	0.0634459	-0.0486605	0.455755
5.29947	0.0627511	-0.0501212	0.455422
5.3328	0.0617429	-0.0518471	0.454722
5.36613	0.0604801	-0.0537884	0.453725
5.39946	0.0590216	-0.0558953	0.452498
5.43279	0.0574259	-0.0581182	0.451111
5.46612	0.0557519	-0.0604074	0.449632
5.49945	0.0540582	-0.0627132	0.44813
5.53278	0.0524038	-0.0649858	0.446674
5.56611	0.0508473	-0.0671756	0.445332
5.59944	0.0494474	-0.0692329	0.444174
5.63277	0.048263	-0.0711078	0.443268
5.6661	0.0473528	-0.0727509	0.442683
